0,0,0,0,0,1
0,0,0,0,0,1
0,0,0,0,0,1
0,0,0,0,0,1
0,0,0,0,0,1
0,0,0,0,0,1
0,0,0,0,0,1
0,0,0,0,0,1
0,0,0,0,0,1
0,0,0,0,0,1
0,0,0,0,0,1
0,0,0,0,0,1
0,0,0,0,0,1
0,0,0,0,0,1
0,0,0,0,0,1
0,0,0,0,0,1
0,0,0,0,0,1
0,0,0,0,0,1
0,0,0,0,0,1
0,0,0,0,0,1
0,0,0,0,0,1
0,0,0,0,0,1
0,0,0,0,0,1
0,0,0,0,0,1
0,0,0,0,0,1
0,0,0,0,0,1
5.38528191369266e-258,0,0,0,0,1
1.07962264153333e-293,0,0,0,0,1
5.60474922749623e-305,0,0,0,0,1
1.84931154658564e-192,0,0,0,0,1
6.27369478240666e-192,0,0,0,0,1
8.65517958910889e-309,0,0,0,0,1
5.05784481688153e-213,0,0,0,0,1
6.13389211219448e-130,0,0,0,0,1
2.61844207188062e-128,0,0,0,0,1
1.1320243824966e-128,0,0,0,0,1
6.60835740711594e-122,0,0,0,0,1
3.3214976978114e-116,0,0,0,0,1
6.15288836360462e-116,0,0,0,0,1
1.11227519187258e-125,0,0,0,0,1
2.75219515038493e-145,0,0,0,0,1
6.69474438083663e-161,0,0,0,0,1
6.42382694312547e-153,0,0,0,0,1
2.81022378311654e-130,0,0,0,0,1
1.24249790649925e-127,0,0,0,0,1
7.46612325204568e-138,0,0,0,0,1
5.66613406524336e-138,0,0,0,0,1
4.23098006726917e-263,0,0,0,0,1
1.31601236425403e-292,0,0,0,0,1
5.18895305465257e-149,0,0,0,0,1
2.32686938475275e-153,0,0,0,0,1
1.27179436698361e-134,0,0,0,0,1
7.84152695809514e-128,0,0,0,0,1
2.83825324455544e-132,0,0,0,0,1
2.27116511247273e-128,0,0,0,0,1
9.74344979629454e-125,0,0,0,0,1
7.87374899898017e-134,0,0,0,0,1
2.06811052651551e-136,0,0,0,0,1
1.6905625574536e-135,0,0,0,0,1
4.65794297703527e-254,0,0,0,0,1
0,0,0,0,0,1
0,0,0,0,0,1
0,0,0,0,0,1
0,0,0,0,0,1
0,0,0,0,0,1
2.34581770789746e-263,0,0,0,0,1
2.52660081500968e-141,0,0,0,0,1
4.05949218165701e-148,0,0,0,0,1
7.86147137321311e-142,0,0,0,0,1
2.79873796983104e-151,0,0,0,0,1
1.84653414940272e-155,0,0,0,0,1
1.22506935290297e-284,0,0,0,0,1
6.45869699507954e-252,0,0,0,0,1
8.35216314938602e-135,0,0,0,0,1
2.31165228318581e-134,0,0,0,0,1
1.13489037300696e-126,0,0,0,0,1
1.89748841174797e-117,0,0,0,0,1
3.12349641675398e-117,0,0,0,0,1
3.5821903671638e-116,0,0,0,0,1
2.28762871711307e-113,0,0,0,0,1
3.29836982545976e-113,0,0,0,0,1
3.5202241991097e-113,0,0,0,0,1
2.45192160100099e-112,0,0,0,0,1
3.45000783781328e-113,0,0,0,0,1
4.15934082735497e-113,0,0,0,0,1
1.56692199755485e-109,0,0,0,0,1
1.66606779186913e-107,0,0,0,0,1
1.64747209215651e-110,0,0,0,0,1
6.91714151318291e-114,0,0,0,0,1
3.80425647134922e-114,0,0,0,0,1
4.96076093880297e-114,0,0,0,0,1
1.97190591786094e-115,0,0,0,0,1
2.86875788606923e-116,0,0,0,0,1
1.7363290633598e-115,0,0,0,0,1
1.42265065778258e-115,0,0,0,0,1
2.49205692353005e-118,0,0,0,0,1
8.15997036495036e-121,0,0,0,0,1
6.11355545853595e-122,0,0,0,0,1
2.63786097046481e-129,0,0,0,0,1
4.62357796868041e-140,0,0,0,0,1
1.38443467891851e-142,0,0,0,0,1
6.57028217802335e-262,0,0,0,0,1
0,0,0,0,0,1
0,0,0,0,0,1
0,0,0,0,0,1
0,0,0,0,0,1
0,0,0,0,0,1
0,0,0,0,0,1
4.55174753729135e-295,0,0,0,0,1
0,0,0,0,0,1
0,0,0,0,0,1
0,0,0,0,0,1
0,0,0,0,0,1
0,0,0,0,0,1
0,0,0,0,0,1
0,0,0,0,0,1
0,0,0,0,0,1
0,0,0,0,0,1
0,0,0,0,0,1
0,0,0,0,0,1
0,0,0,0,0,1
0,0,0,0,0,1
0,0,0,0,0,1
0,0,0,0,0,1
0,0,0,0,0,1
0,0,0,0,0,1
0,0,0,0,0,1
0,0,0,0,0,1
0,0,0,0,0,1
0,0,0,0,0,1
7.18809012948006e-287,0,0,0,0,1
2.63018911384707e-147,0,0,0,0,1
2.55273317130723e-148,0,0,0,0,1
2.47690648495708e-132,0,0,0,0,1
1.64672478391392e-129,0,0,0,0,1
1.18210399805944e-131,0,0,0,0,1
6.10752665117109e-127,0,0,0,0,1
5.58991976970407e-126,0,0,0,0,1
3.38334716731748e-131,0,0,0,0,1
8.23205115812553e-132,0,0,0,0,1
5.6346468482133e-135,0,0,0,0,1
1.05647725391938e-152,0,0,0,0,1
1.17138245956461e-153,0,0,0,0,1
5.63227989349572e-289,0,0,0,0,1
0,0,0,0,0,1
0,0,0,0,0,1
1.27632357361945e-181,0,0,0,0,1
1.11168555776804e-169,0,0,0,0,1
4.3399962506254e-149,0,0,0,0,1
6.85888938670613e-158,0,0,0,0,1
4.64448225848187e-150,0,0,0,0,1
3.00635102871921e-167,0,0,0,0,1
3.57951238664346e-179,0,0,0,0,1
7.24311169879697e-308,0,0,0,0,1
1.17479667176351e-278,0,0,0,0,1
2.64188483857084e-147,0,0,0,0,1
3.86119394099265e-150,0,0,0,0,1
2.12560149465157e-139,0,0,0,0,1
2.25782101618513e-135,0,0,0,0,1
2.26546051287699e-152,0,0,0,0,1
1.38492062924504e-151,0,0,0,0,1
5.56627816409367e-281,0,0,0,0,1
9.92494223227688e-262,0,0,0,0,1
2.15177180413365e-154,0,0,0,0,1
1.76738839710081e-166,0,0,0,0,1
9.43350961042098e-150,0,0,0,0,1
6.43067654257891e-274,0,0,0,0,1
2.28899230887356e-291,0,0,0,0,1
4.41582923958246e-162,0,0,0,0,1
4.58006935919101e-165,0,0,0,0,1
1.49914884401036e-145,0,0,0,0,1
1.82645449495026e-160,0,0,0,0,1
4.79685204424032e-161,0,0,0,0,1
4.22108376027791e-284,0,0,0,0,1
0,0,0,0,0,1
0,0,0,0,0,1
2.52937122993735e-266,0,0,0,0,1
6.9630248607043e-148,0,0,0,0,1
3.94331872328844e-145,0,0,0,0,1
1.61744507088549e-132,0,0,0,0,1
5.37958347043443e-129,0,0,0,0,1
2.80160464473506e-126,0,0,0,0,1
7.79055568297408e-122,0,0,0,0,1
1.23140591303989e-122,0,0,0,0,1
7.22429654904093e-123,0,0,0,0,1
3.80267655524113e-120,0,0,0,0,1
3.53933780900984e-120,0,0,0,0,1
6.29175894995772e-121,0,0,0,0,1
7.72685282193193e-119,0,0,0,0,1
3.39862273898674e-118,0,0,0,0,1
3.82035681976188e-120,0,0,0,0,1
2.79794913921061e-120,0,0,0,0,1
2.08263834140076e-120,0,0,0,0,1
1.18870867493432e-124,0,0,0,0,1
1.6386626807771e-127,0,0,0,0,1
9.83660167085181e-126,0,0,0,0,1
1.25740648171034e-132,0,0,0,0,1
4.06737377984922e-146,0,0,0,0,1
3.00254735279202e-143,0,0,0,0,1
7.6366190537865e-277,0,0,0,0,1
0,0,0,0,0,1
1.8556849483503e-280,0,0,0,0,1
0,0,0,0,0,1
5.12096781513455e-254,0,0,0,0,1
2.35638866006046e-131,0,0,0,0,1
1.52677461997033e-133,0,0,0,0,1
6.38316289952565e-129,0,0,0,0,1
6.12069377110135e-121,0,0,0,0,1
1.11107944618548e-123,0,0,0,0,1
1.36279102298333e-122,0,0,0,0,1
1.01321456522657e-118,0,0,0,0,1
3.16561705405939e-122,0,0,0,0,1
1.33755352046477e-123,0,0,0,0,1
4.07138017265935e-121,0,0,0,0,1
1.66799580750016e-130,0,0,0,0,1
5.97959604278207e-137,0,0,0,0,1
1.67639182578018e-134,0,0,0,0,1
8.14608226781865e-256,0,0,0,0,1
1.33998840464096e-287,0,0,0,0,1
5.93523623019556e-149,0,0,0,0,1
8.958901667199e-152,0,0,0,0,1
3.58319904458297e-132,0,0,0,0,1
3.36141838019121e-128,0,0,0,0,1
3.56535885426118e-129,0,0,0,0,1
4.43487688248596e-124,0,0,0,0,1
3.60600632440805e-124,0,0,0,0,1
1.99036760063301e-124,0,0,0,0,1
3.18397530111472e-121,0,0,0,0,1
1.28855975921729e-122,0,0,0,0,1
1.5289169010174e-124,0,0,0,0,1
8.05672239874295e-125,0,0,0,0,1
2.35141819796346e-129,0,0,0,0,1
2.94386556523784e-129,0,0,0,0,1
4.34855149754589e-131,0,0,0,0,1
3.23250168423676e-149,0,0,0,0,1
1.43241845285299e-146,0,0,0,0,1
9.03794238091165e-289,0,0,0,0,1
0,0,0,0,0,1
8.20033178215225e-185,0,0,0,0,1
3.10408486112148e-166,0,0,0,0,1
8.29143381193732e-154,0,0,0,0,1
3.08307809000595e-154,0,0,0,0,1
8.64801847199307e-167,0,0,0,0,1
3.90657432984498e-179,0,0,0,0,1
2.82464224591903e-308,0,0,0,0,1
9.98198813432609e-252,0,0,0,0,1
1.65471856547891e-137,0,0,0,0,1
1.12950187695856e-136,0,0,0,0,1
1.1000236588999e-131,0,0,0,0,1
1.85030039373102e-126,0,0,0,0,1
1.70943961652399e-129,0,0,0,0,1
7.71919778835218e-128,0,0,0,0,1
2.30898139980286e-125,0,0,0,0,1
3.41679168942241e-128,0,0,0,0,1
2.36468903248695e-132,0,0,0,0,1
1.64844453794243e-139,0,0,0,0,1
1.63325152260953e-146,0,0,0,0,1
6.19062800399553e-260,0,0,0,0,1
1.70557314238498e-286,0,0,0,0,1
1.07170160251787e-154,0,0,0,0,1
2.70166353214318e-158,0,0,0,0,1
3.42151820783281e-138,0,0,0,0,1
1.14620218476048e-139,0,0,0,0,1
4.84886765036771e-139,0,0,0,0,1
1.30109476825485e-136,0,0,0,0,1
7.7318595094015e-157,0,0,0,0,1
7.62176469503706e-155,0,0,0,0,1
7.7039865940658e-290,0,0,0,0,1
8.36164298168012e-288,0,0,0,0,1
6.31964765392136e-177,0,0,0,0,1
4.22774355152593e-171,0,0,0,0,1
1.15831855079625e-262,0,0,0,0,1
0,0,0,0,0,1
0,0,0,0,0,1
0,0,0,0,0,1
0,0,0,0,0,1
0,0,0,0,0,1
0,0,0,0,0,1
0,0,0,0,0,1
0,0,0,0,0,1
0,0,0,0,0,1
0,0,0,0,0,1
0,0,0,0,0,1
0,0,0,0,0,1
0,0,0,0,0,1
0,0,0,0,0,1
0,0,0,0,0,1
0,0,0,0,0,1
0,0,0,0,0,1
0,0,0,0,0,1
0,0,0,0,0,1
0,0,0,0,0,1
0,0,0,0,0,1
0,0,0,0,0,1
0,0,0,0,0,1
0,0,0,0,0,1
0,0,0,0,0,1
0,0,0,0,0,1
2.53365441621324e-300,0,0,0,0,1
2.87370157916364e-164,0,0,0,0,1
8.65547910845366e-161,0,0,0,0,1
3.32365328185916e-134,0,0,0,0,1
5.32096897811608e-133,0,0,0,0,1
7.94511345162836e-139,0,0,0,0,1
9.87803112130487e-136,0,0,0,0,1
2.6480233105802e-140,0,0,0,0,1
3.74949770013257e-220,0,0,0,0,1
0,0,0,0,0,1
3.557740532271e-297,0,0,0,0,1
0,0,0,0,0,1
8.7342488763446e-220,0,0,0,0,1
9.03397300807252e-139,0,0,0,0,1
1.12442973813577e-132,0,0,0,0,1
2.14131540057305e-132,0,0,0,0,1
3.45551036916932e-135,0,0,0,0,1
5.86893104682387e-134,0,0,0,0,1
4.32142136792491e-134,0,0,0,0,1
1.02572787489885e-216,0,0,0,0,1
3.39343816251884e-295,0,0,0,0,1
4.6743537237342e-219,0,0,0,0,1
2.29100681620426e-308,0,0,0,0,1
1.48460710017271e-250,0,0,0,0,1
5.48426054686869e-153,0,0,0,0,1
3.89133025640501e-267,0,0,0,0,1
