0.99155664576405,0.00398102266669346,0.00307911285222048,0.000247260649231962,0.00112784923579342,8.1088320110857e-06
0.970810092423719,0.000798234273486124,0.00333370847724479,0.00222485324032359,0.000668884618043938,0.022164226967183
0.0284678711227037,2.93170773444135e-09,7.48033492157806e-07,0.000837517909587526,5.19353647125913e-07,0.970693340648862
0.000167065740525636,4.67879592714592e-12,3.69274082487314e-09,1.05703674608467e-05,6.44817219405984e-12,0.999822360188146
3.94666222291544e-06,1.85077138387022e-10,7.128990893995e-08,9.1072538020602e-08,9.87083560998488e-17,0.999995890790253
2.98696895702279e-08,5.3154182607163e-09,1.3571946241658e-09,9.66329443880178e-12,1.10479041223284e-23,0.999999963448034
1.83853792814988e-11,1.97176881313309e-09,2.62082297588842e-15,1.03334114467298e-16,1.07759811330016e-30,0.999999998009843
4.33352148357316e-12,2.13270725923192e-08,8.34204286104713e-19,1.36440921428642e-18,1.70955102194081e-32,0.999999978668594
4.49362424682008e-08,0.00557090982956178,2.44752080724602e-14,4.13475066028493e-15,8.18388661864929e-26,0.994429045234167
5.11609969082922e-06,0.998695342815291,1.99279457892664e-10,1.16061661217145e-13,8.70405976434361e-18,0.00129954088562223
1.5916474635761e-07,0.999999839537493,9.10309060588361e-10,9.15941364784401e-15,2.21150908037504e-12,3.85231063282939e-10
7.53979310997051e-07,0.999999172356744,7.74157152972508e-09,4.4053565594823e-13,6.59060511478518e-08,1.58819168882419e-11
6.71955755897218e-06,0.999982821142381,2.79105563926259e-08,4.36074929792494e-10,1.04308248826822e-05,1.2854618734996e-10
3.24449352117295e-06,0.99997561801492,2.53571811711941e-08,5.55804789119239e-08,2.10554412423195e-05,1.11265684593867e-09
7.40439570078193e-08,0.999995097426314,5.73423766690467e-09,6.36330023776639e-08,4.75791476733381e-06,1.24772156474613e-09
9.96961470824529e-09,0.999998711547334,3.50267342250686e-09,1.10703797551045e-08,1.26336964495126e-06,5.40353647690755e-10
1.11891537005056e-07,0.99999774219625,4.78989393776505e-08,2.3810272288442e-08,2.07336491102234e-06,8.38089982692849e-10
1.37423447997667e-06,0.999980275414276,3.02404188432371e-06,1.05602033656844e-06,1.42630503712018e-05,7.23865162681012e-09
6.49740265875224e-08,0.999902566572512,2.49024050523565e-05,1.90490079694795e-05,5.33801468833455e-05,3.68935564253802e-08
3.22065257447224e-11,0.999945482606402,1.47109516587744e-05,5.83743353135375e-06,3.39620066431984e-05,6.9695584145059e-09
3.17257861073104e-13,0.99998417125127,9.94902892617902e-06,6.95314334097245e-08,5.81015706169609e-06,3.099159525252e-11
8.1645301921385e-12,0.999966928001241,3.22204134834012e-05,2.55363310564271e-09,8.49023451827153e-07,2.64483367450915e-14
1.44698033598372e-08,0.99998079796394,1.90709814917907e-05,6.38641278154455e-09,1.10198352114787e-07,3.94314995801972e-17
9.57390716538876e-07,0.999998706924585,1.75661354431826e-08,3.12397302930031e-07,5.72126000466991e-09,2.35880752565486e-19
1.71664875161689e-07,0.999995280581634,4.32939548328004e-14,4.54764432987161e-06,1.09117651212025e-10,8.94680029921061e-21
3.18526023414219e-09,0.999998460892697,5.56878354464455e-19,1.53592035420202e-06,1.68862792493972e-12,6.35776362160011e-21
5.94562347457858e-10,0.999999938257502,1.50403948922948e-19,6.11478688820081e-08,6.6359895272719e-14,1.75414309524173e-19
3.29782150744162e-09,0.999999984639723,2.38418134402234e-15,1.20624154965996e-08,3.78447868322399e-14,7.27162655873824e-17
1.67526222238636e-07,0.999999792690877,1.4797315343156e-09,3.83009923994329e-08,2.12376838930501e-12,5.29727842059647e-14
1.55993723862133e-05,0.999976791842906,7.4704709763968e-06,1.31392410584856e-07,6.91115338272099e-09,1.01678556962939e-11
9.15192632364557e-05,0.999860908042864,3.13634411869845e-05,2.78029838864412e-08,1.61812793699789e-05,1.70358785332748e-10
6.17566802628835e-05,0.999754695135736,1.27877031849297e-05,1.47361361816042e-09,0.0001707588310576,1.76144436157603e-10
2.41415852705227e-05,0.998931400944908,0.000931055041947445,1.33060346266319e-08,0.000113389075168027,4.66715462350685e-11
8.35455223869837e-06,0.872596701282071,0.127312763931931,6.44332058019094e-06,7.5736884032373e-05,2.91474046378437e-11
2.2130279123198e-06,0.0537716751183958,0.945979677476759,0.00022864074183476,1.77936278258408e-05,7.27263253954204e-12
3.02006546712725e-07,5.58171244516906e-05,0.999923806685119,1.97440522487129e-05,3.30129432591807e-07,2.20096179748914e-12
1.37758288367138e-06,1.44517423137769e-07,0.999996793155656,1.65857332805609e-06,2.60844429755297e-08,8.62660554186326e-11
1.62386026793459e-05,2.30389108547819e-07,0.999980880017089,2.49742094193672e-06,1.50366386416053e-07,3.20379487776124e-09
9.98753871223718e-06,6.57416971624871e-07,0.999977875585041,1.0224463229413e-05,1.2549595221377e-06,3.65239052445682e-11
4.77783478639356e-08,1.37696588671422e-07,0.999998444069269,1.1172008506163e-06,2.53254944343964e-07,8.35584944557153e-18
4.08329866232278e-11,1.46014635417541e-09,0.999999997039752,5.40401923661017e-10,9.18867092632257e-10,3.47400099605405e-26
5.38473940310752e-12,2.33074419551473e-11,0.999999999950011,3.23718618385167e-13,2.09727442801237e-11,9.46621204991906e-31
8.30591686530274e-10,9.135886055631e-12,0.999999999114477,3.12536557970549e-13,4.54829694630852e-11,2.24037904965572e-28
1.2122122501328e-07,1.57858828578659e-11,0.999999878338916,4.20400860710007e-10,3.67189044256382e-12,2.14081910687862e-21
1.276217228582e-09,2.36954247948995e-12,0.999999484417621,5.14303787377625e-07,5.38920035395758e-19,5.0762608986046e-15
3.44655548349987e-16,1.17229894454406e-14,0.999998366011108,1.63398704867769e-06,2.23477992204347e-30,1.83090839440785e-12
1.22863183248964e-23,3.33730195452665e-17,0.999999958019506,4.19801643403115e-08,1.25725052229334e-39,3.2936664159534e-13
5.28699960768784e-28,1.25990803080479e-18,0.999999999020874,9.79120785743716e-10,2.26576198478893e-41,5.14327247213876e-15
3.77714053324564e-28,1.93332539122667e-18,0.999999999721802,2.78197527765075e-10,2.61868596712871e-36,3.555934522688e-16
3.70424637438524e-25,1.11249062303208e-16,0.999999999347165,6.52834086690534e-10,7.84277010924073e-29,4.51705242520256e-16
2.09969581950974e-20,1.42139416373229e-13,0.999999994539577,5.46027351465646e-09,4.20396193570429e-22,7.07805356952328e-15
5.59867393054657e-15,5.19460632223796e-09,0.999999878968725,1.1583611470163e-07,1.22595804867517e-16,5.48028003134067e-13
3.84136672932227e-09,0.0045181054859781,0.995462891702124,1.89967978586726e-05,5.07825510965617e-11,2.12188983624285e-09
1.48638577549598e-06,0.879127834483989,0.120851323909941,1.93336367367903e-05,7.5737070748703e-09,1.40098509006236e-08
8.08463532505084e-08,0.99990551366091,9.4341298707972e-05,6.2663781032121e-08,1.25157049665282e-09,2.78677591543399e-10
1.0858794633673e-08,0.999999712133845,1.45890077494486e-07,1.93555318055077e-08,1.11735739641988e-07,2.60109291516355e-11
9.55177410756624e-07,0.990379194244996,5.9926233431422e-06,6.86890733273795e-05,0.00954516848200638,3.989163036514e-10
3.94397749372534e-07,0.0124471438038163,6.22742208926655e-06,0.00193926329349421,0.985606970347638,7.35213402031821e-10
1.4990659005688e-09,2.97556666204079e-07,6.25719265529688e-09,0.000351068378243382,0.999648626012997,2.95834952797542e-10
2.92769940201576e-11,6.07301925401278e-10,9.43743922008827e-11,9.88644662826859e-05,0.999901133369222,1.43354227117369e-09
1.30284602715288e-13,4.61489637873089e-12,2.00078786351964e-13,2.03913546201189e-07,0.999999796077675,3.83320920901974e-12
2.12595030234167e-16,5.42537429987329e-17,2.20089427070578e-17,3.77538585101313e-14,0.999999999999962,9.27558587461562e-19
3.35570109097477e-18,8.79995430823492e-24,4.79712352410712e-21,1.01242677891122e-22,1,1.00150462756248e-25
2.35880533926891e-18,4.71917089251083e-29,2.48047162132751e-22,3.91583123678729e-28,1,6.8875871788879e-29
2.8335987778143e-18,5.74421617971837e-30,6.97741041634896e-21,6.42408224986162e-27,1,4.732997667213e-28
5.15446634296102e-20,1.8131286041116e-26,1.25046022195545e-18,1.18645230792076e-20,1,1.7662546954013e-26
1.20493541767561e-23,4.35554054104836e-21,6.04233226488909e-18,3.10460310702043e-14,0.999999999999969,6.99606171842601e-27
8.17943027562793e-27,5.69030055339232e-17,2.12787944290005e-19,3.35665281104435e-11,0.999999999966433,4.30794303490298e-29
4.6774480596107e-27,1.26132110600186e-15,1.92752877147187e-21,2.36419107624403e-11,0.999999999976357,3.18881639857898e-31
4.55240907611564e-24,6.32434324466557e-16,4.08717185306051e-22,2.09043871583761e-12,0.999999999997909,1.27074513942753e-31
1.5604663185361e-19,2.30252152562645e-15,6.65927178469582e-21,1.20453805736129e-12,0.999999999998793,1.82402834789573e-29
2.66307031055934e-15,9.67699395712863e-13,4.41636432645409e-19,8.86855431701518e-12,0.999999999990161,8.32545872570596e-25
3.40238276003264e-12,1.05359762630826e-09,1.89362944878191e-18,1.88082460461949e-10,0.999999998754918,3.07815407964442e-19
2.9454618549114e-10,2.52402261030769e-09,1.26299916293382e-19,6.27418618830884e-10,0.999999996554012,5.24738032430008e-16
2.01494011651786e-09,5.6158164955677e-13,2.01197038271455e-21,1.07447879140261e-11,0.999999997973754,6.02652569187842e-18
1.27126448426764e-09,8.78357989563043e-19,5.36294631473644e-22,3.29048333369954e-16,0.999999998728735,1.6750687582125e-24
1.8111279856693e-10,3.3955758694697e-23,9.27521376483946e-21,8.76228001257026e-22,0.999999999818887,2.59763251185668e-31
3.89930669595433e-11,6.20400270667859e-24,5.8588948539505e-19,2.1420681071586e-25,0.999999999961007,1.3611144219642e-33
9.11837091257067e-11,2.55995499457918e-21,5.03516929098244e-18,4.57050680249812e-25,0.999999999908816,4.19543504023542e-30
4.37783180152057e-09,3.36223973949533e-17,1.50942407797304e-17,2.50830554654216e-21,0.999999995622168,1.30800572557632e-23
5.59355201025358e-05,4.26206254797873e-13,1.72023921353919e-15,5.06753913942476e-16,0.999944064479469,1.13629274896495e-17
0.0344298137710072,3.53741102605729e-09,6.62108230457177e-11,1.28116421132671e-10,0.965570182497178,7.6544603593925e-14
0.582948568685099,4.13083319180281e-06,1.30388717491674e-07,3.45269874203318e-07,0.417046824823004,1.12579669420133e-13
0.999172630461777,1.44002601567343e-05,4.89274871384055e-10,1.65824548568341e-06,0.000811310543306154,6.2442667972794e-18
0.99999995384483,1.23108699988317e-08,9.22793904972967e-19,3.38182605817013e-08,2.60397270064167e-11,2.17219278607732e-26
0.999999999000252,1.59071935618151e-12,1.02559751007204e-27,9.98156966584466e-10,9.37855726854509e-18,1.01294859925874e-33
0.999999999513381,1.35229423353131e-15,8.12159321020616e-32,4.86618011459057e-10,2.88636726940944e-21,1.12506937430378e-36
0.999999993248064,9.92916414691484e-16,5.44274364901208e-29,6.75193538657787e-09,2.18185855621529e-20,6.03456920917595e-33
0.999999878844339,5.85908933555477e-13,7.88268537291962e-22,1.21155074698168e-07,2.94836626449423e-16,1.94347484515043e-24
0.999999543128499,4.85460742843699e-08,1.30435208669013e-12,4.0831846601679e-07,5.65223696345405e-12,4.40821445432485e-15
0.996879503027447,0.00063262503417546,0.00245045466483996,3.65695555173628e-05,1.45932987551753e-08,8.3312472166495e-07
0.00296918251490135,0.000103682182442917,0.996915406568133,1.95692670463613e-06,9.33896690379233e-11,9.77171442852808e-06
6.75437893795918e-09,7.7679247361728e-08,0.999999911882989,1.49038306689464e-09,1.14243675894858e-15,2.19300053132736e-09
4.15033352804824e-11,4.21932293689125e-08,0.999999955523872,1.8899093450587e-09,2.39787843358769e-16,3.51485760132661e-10
4.29295489015297e-10,4.99794721245302e-07,0.999999492156815,6.52404802541308e-09,1.05373900070067e-14,1.09510987160417e-09
8.5307714992105e-09,5.19575306494907e-06,0.99999476835355,1.78980829887639e-08,3.56704221524348e-12,9.4609635091695e-09
1.40573553273683e-08,1.02627513025671e-05,0.999989559062917,8.56864492265301e-08,9.11183939113116e-10,7.7530791554216e-08
7.42706634145486e-10,6.30919780433583e-06,0.999992130032253,1.18748420517393e-06,5.9675425281239e-08,3.12867605349748e-07
5.19994490941957e-12,2.62928074614831e-06,0.999986979885236,9.87645467750819e-06,3.43559045325058e-07,1.70815095430467e-07
9.89811431599285e-14,1.10040365971818e-06,0.999994107714872,4.71854041055558e-06,6.55885843921994e-08,7.75237413361228e-09
1.42432997944277e-13,8.77608393030766e-07,0.999999002486718,1.18636310551456e-07,8.56564225928896e-10,4.11871446150915e-10
5.88458529850541e-11,2.17858428557215e-06,0.999997817082655,3.23646547177232e-09,1.72571348626919e-11,1.02049055656259e-09
2.51230752054636e-07,3.91917795739399e-06,0.999995793088891,1.22719539164375e-09,1.27348325544233e-11,3.52624695827747e-08
4.33693156620726e-06,1.73810308321713e-07,0.999995476529553,1.48785071399835e-09,2.95598581475491e-10,1.09451229286993e-08
7.40616427596102e-10,3.60479089242171e-11,0.999999992921677,1.65465575405311e-10,6.13607818268034e-09,1.14989664975506e-13
2.13634100204226e-17,1.36248436043286e-15,0.999999993682134,1.48813111775044e-12,6.3163767929441e-09,3.90897427326623e-21
2.00789519141566e-23,1.06187761682588e-17,0.999999998923703,1.15599857108118e-13,1.07618154555678e-09,5.71576281289499e-26
2.54831037342344e-23,8.3526246934066e-16,0.999999999005499,3.78110198940045e-12,9.90719527823741e-10,4.25529156324137e-25
1.30930823130404e-17,2.88633693836474e-11,0.99999997954641,4.18507197914638e-09,1.62396544548862e-08,2.37638737463158e-20
3.00576063370892e-11,3.32977900359189e-07,0.999999109854049,1.25507428588627e-07,4.31630563992714e-07,6.50856458218481e-16
1.79358478694114e-08,5.37972333214421e-06,0.999993719237529,1.16642723890942e-09,8.81936833452987e-07,2.99211598196274e-14
2.95895907786144e-09,4.71207104250463e-08,0.999999899231649,4.30315592532164e-14,5.06886348268298e-08,3.30312202910449e-15
6.78579437803634e-11,4.19305748014169e-12,0.999999999714104,6.08583880001959e-18,2.13845272120874e-10,1.11268442644335e-17
8.50028746566292e-12,8.68144108736043e-16,0.999999999990848,6.01019155934306e-19,6.51083798573868e-13,1.38818617290718e-20
1.4291860060262e-12,1.11656884514218e-16,0.999999999998533,6.08315014934381e-17,3.79775635995579e-14,1.07883941757361e-22
1.202278304498e-13,1.08714430330907e-13,0.99999999999817,7.25847309871885e-13,8.75058752823051e-13,4.5436663401604e-23
2.66698023400843e-11,5.13361303158446e-06,0.999782048640951,0.00021240065726517,4.17062082004158e-07,2.33196833001123e-20
4.15060401191732e-10,0.00916614550959721,0.000240279273018974,0.990581093767643,1.24810346804148e-05,9.25105934599663e-23
1.75311611571865e-10,5.81746621809467e-06,1.1110904544208e-15,0.999994182333962,2.45070145931315e-11,3.87431310886832e-32
1.53583457565672e-08,1.05225193371415e-10,3.84909300869201e-22,0.999999984536429,1.39610304176268e-17,1.00562352270331e-38
1.02801979795794e-06,3.45276081944172e-12,1.74937904721601e-22,0.999998971976749,4.73650497823481e-21,6.40268360554391e-39
7.70567065359165e-06,5.18725512559514e-11,8.86271587707048e-17,0.999992294277474,1.10890933376687e-19,1.35310335006206e-31
5.70890222982177e-06,8.35950741437441e-09,1.99822369294218e-09,0.999994280740037,2.23696043339293e-15,1.09649551167473e-20
6.92312007577517e-07,9.23418034193118e-08,2.42165056872459e-05,0.999974998828542,3.75479739146832e-12,8.20443866393846e-12
3.19745662110957e-08,1.66023794013535e-08,1.89995272989433e-05,0.999980847044921,5.27758968266168e-12,1.04845557022045e-07
1.58634724739396e-09,6.22829748027457e-10,4.70954487064091e-07,0.999999309769511,2.29657441790568e-13,2.17066595112496e-07
1.69682297942566e-10,1.20250929813126e-10,1.11936753903835e-07,0.999999880336736,2.05158151268774e-13,7.43637181871784e-09
3.82723872874827e-11,3.02900191752178e-10,2.21756984101173e-07,0.999999777839556,3.39503244654483e-11,2.83373681947412e-11
9.46970653254628e-12,1.96442641161649e-09,1.29181905091915e-07,0.999999834524791,3.43193967158667e-08,1.12631754288131e-14
1.16746542424393e-12,2.18129509326313e-09,4.81359867986785e-09,0.999997535142925,2.4578610138425e-06,8.90201048602555e-19
7.73725910227964e-14,5.8477528003365e-11,4.59160243703067e-11,0.999996075452071,3.92444345833649e-06,7.61091825798977e-23
1.99589278024331e-14,6.65524595380667e-14,1.60013757487111e-12,0.999999176032116,8.23966197772358e-07,5.52468358558229e-26
5.74997196199677e-13,1.43263052674985e-16,3.28845718568672e-12,0.999999909362514,9.06336218366959e-08,6.45755270663288e-27
1.08310893883637e-05,6.40499712802801e-16,1.78799183177586e-08,0.999988904872533,2.46158159953165e-07,6.93398902105046e-23
0.961502911227764,4.49329514170276e-14,6.13661614116295e-05,0.0384357225756475,3.51319718233927e-11,1.30981328072551e-17
0.999999743363466,5.6821792769248e-16,2.55114932763628e-07,1.5216004237681e-09,1.09099700890213e-21,2.74149924330989e-16
0.999999996367981,2.46144070269779e-15,3.63182917137756e-09,1.09865699595866e-14,5.60884449539765e-29,1.75959881849108e-13
0.999999999737368,6.5693830980947e-14,2.2515694139097e-10,1.64079122961145e-15,3.07797256736886e-31,3.74078299988156e-11
0.99999999935605,3.74610537697864e-13,8.83324352787373e-11,5.02444189531325e-15,1.56366079799763e-29,5.55238276864731e-10
0.999999999378937,2.89319225839332e-13,1.7040768316814e-10,2.86656903673337e-15,2.30277144733746e-25,4.50362870887601e-10
0.999999999945664,5.32213621418404e-14,4.54779981076923e-11,2.04068289120918e-17,5.94500410053485e-21,8.80441830327559e-12
0.999999999999948,4.3771939652994e-15,4.22326799496804e-14,3.94452595248157e-21,9.29269915324058e-19,5.76886903260072e-15
1,1.29186543585422e-16,1.74669969251355e-19,4.5168982207922e-25,3.83171116685742e-20,3.13641369122883e-18
1,2.66885496355469e-19,1.564278518556e-25,5.96448393063499e-28,7.13202923097193e-24,4.87080678013481e-20
1,1.31126362095719e-23,3.13661082873628e-30,4.24582835005106e-29,1.44954360295237e-26,1.33174712606233e-20
1,5.17324664887547e-28,1.30268099719025e-31,2.79084595183752e-28,1.66518361129616e-25,9.70400039431541e-22
1,5.34104491227767e-29,5.2468572666286e-28,2.08716411526853e-25,3.10213606707872e-21,1.76834081791367e-24
1,2.03208995383857e-24,4.12884479111056e-20,1.37296702039599e-20,6.09509626788667e-17,1.81670666210731e-27
0.999999999999255,1.06606588579782e-16,7.13933879584166e-13,2.63089479513731e-14,4.77660869313905e-15,2.47937189111876e-28
0.999905887629695,6.18331570927916e-09,1.74184725333511e-10,9.41060127025132e-05,1.01938402896025e-13,1.80865468968994e-24
0.0245724708723337,4.09823371804622e-09,2.28399634719767e-19,0.975427525029337,9.55109100624192e-14,1.38147983012313e-21
2.59523711615076e-07,1.90207029156498e-13,3.19599189524494e-31,0.999999740476018,8.03072073950079e-14,1.49047194464629e-20
5.44167411285857e-10,4.9622011313079e-12,2.94209479248958e-31,0.999999999267384,1.83484697847883e-10,1.16703278495969e-15
9.70963669344327e-11,1.54501685723526e-07,6.0632226564272e-21,0.999999835261358,9.8733807949602e-09,2.6647927351832e-10
4.96973631348767e-12,2.07722740415074e-05,5.15832076059076e-09,0.999979197612579,1.85677056015186e-10,2.476441140943e-08
4.40522144631723e-13,3.48105859423611e-07,0.00126079868844942,0.998738853037399,9.72436124122896e-13,1.66879449970941e-10
3.18067697904522e-12,3.05234434837958e-09,0.00182610104808349,0.998173895783588,1.12716538668639e-10,8.67114770619384e-14
1.25886736371079e-08,1.45189763998004e-06,0.00171106156440871,0.995717848485615,0.00256962546354798,1.14816471285732e-13
2.72650428900042e-08,7.60233343103291e-06,9.27641653777573e-06,0.00390552767913658,0.996077566305849,2.38212895996349e-15
4.27090446353383e-11,1.25317356916009e-07,2.40888615053708e-09,3.31140301380408e-08,0.999999839117018,6.61457346150633e-18
1.3474731647558e-11,3.08479007278757e-08,4.84942357267849e-10,1.43033414440939e-10,0.999999968510649,6.54068897734192e-18
9.5642112836991e-10,3.50627041432877e-09,6.00944361349927e-11,8.9889709266113e-12,0.999999995468225,4.96575889159198e-17
0.00189274375120774,2.11861281604927e-08,2.47989364750321e-10,3.24474222662705e-10,0.998107234490108,9.27178890780798e-14
0.999616282370178,1.36568622321705e-09,2.78153576346461e-12,1.36998484960269e-10,0.000383716124336499,1.89505690239145e-14
0.999999999997175,1.92010628989288e-13,5.43087148990062e-15,1.08062330301907e-12,1.5468523462406e-12,1.48756063824696e-19
0.999999999991018,1.22883037860783e-12,3.29698688643503e-12,4.2395449970196e-12,2.16440424110852e-13,2.55105136644045e-20
0.999999995081564,1.36462192638261e-10,3.98198534096093e-09,2.36549674288733e-11,7.76333282008973e-10,2.90017981815148e-18
0.999999839171974,5.97035882536745e-11,4.43672735957812e-11,2.3698695901047e-11,1.60700256682899e-07,5.00737741973315e-17
0.9999999995928,6.00636033745753e-15,2.69874294019008e-18,1.67572142094858e-11,3.90436682939048e-10,6.22237930310816e-20
0.999999999863537,2.06594770979031e-19,6.41191820031922e-25,1.36460471854485e-10,2.79124642506992e-15,2.01632401460452e-25
0.999999972373289,4.32318952077884e-20,3.34783807586738e-25,2.76267114301407e-08,1.71338798456383e-17,2.57122536627795e-28
0.999987884808818,2.27783296117644e-16,2.84993165427143e-19,1.2115191171899e-05,1.03838180022792e-14,1.57665369864545e-25
0.999810557350003,1.3507623951117e-11,4.79179044631919e-12,0.000189442017500894,6.14196673123924e-10,5.2071619232926e-19
0.999959146910552,5.70194540492873e-09,1.23445852107948e-07,4.02328286202517e-05,4.91112365157307e-07,6.64944472931129e-13
0.999996756212158,1.216443879918e-08,2.10184533887295e-06,4.87215685127744e-07,6.40668819228894e-07,1.89356016308344e-09
0.999997863546049,8.75434987495517e-09,2.03653408578938e-06,9.12042979556902e-09,4.94837171624544e-08,3.25613678249512e-08
0.999997628812998,2.27990711335794e-08,2.29931705697919e-06,1.04426660071186e-09,5.83951921409269e-09,4.2187088580155e-08
0.999997394441202,7.43711760955183e-08,2.51886475865622e-06,5.0912577995095e-10,2.28130103353021e-09,9.53243616309063e-09
0.999998940682358,6.69352882474459e-08,9.88898350680333e-07,5.6738575313821e-10,2.55535925821418e-09,3.61257908139639e-10
0.999999755508435,2.28531103850357e-08,2.10953776311391e-07,1.11474640589534e-09,9.56453997364371e-09,5.39234092068905e-12
0.999999762817653,1.36807011981756e-08,1.11963054356378e-07,3.37622351288984e-09,1.08162184637454e-07,1.83289575265401e-13
0.999998676620549,3.81026004006347e-08,2.88906621871093e-07,1.79130618574488e-08,9.7845712403901e-07,4.29081634838488e-14
0.999997607217402,2.50877321115524e-07,1.16566850570817e-06,2.50664105593335e-07,7.25572639925349e-07,2.54801698264202e-14
0.999991764669113,5.32035583228757e-07,1.17741238887445e-06,6.50828815391562e-06,1.75947589810748e-08,2.37269512943163e-15
0.999954317027381,9.2046420382332e-08,1.53419256641227e-07,4.54372513819828e-05,2.55560380894303e-10,5.30374208301643e-18
0.999986173036859,3.54962671341277e-09,9.63906129084393e-09,1.38134865573556e-05,2.8789542111594e-10,2.11866827265356e-21
0.999999782387307,3.51943919014602e-10,2.49848393063165e-09,1.72759305669705e-07,4.200295931301e-08,3.12666201208061e-23
0.999998786633799,2.0078720496183e-10,6.45748526686638e-09,6.77496770675196e-10,1.20603043132754e-06,9.09916989909229e-22
0.999999950453581,1.17604739863669e-10,4.19400195217184e-08,6.73046524736286e-12,7.48206435492744e-09,1.21559153598941e-17
0.999999943858289,1.27480059953046e-11,5.61282157262863e-08,4.58069381241743e-13,3.93426219886804e-14,2.49680811768513e-13
0.999999995876361,3.62057147149872e-13,4.07452160175571e-09,2.12160617732515e-13,7.21524149872951e-19,4.85427079228309e-11
0.999999999929739,7.57966135515813e-15,4.62552867156308e-11,2.99067978135128e-13,1.32836801152774e-20,2.3698708179545e-11
0.999999999998447,1.07019586397769e-16,1.06379462544395e-12,2.72868733124517e-13,3.26671206634772e-20,2.16253442934783e-13
0.999999999999586,1.06183732743705e-18,3.8077155563701e-13,3.22462296170992e-14,5.01468224473561e-20,1.14751670575741e-15
0.999999999997706,5.96691651075428e-20,2.29374712732924e-12,3.3431833581921e-16,2.00369121082998e-21,5.86425057958677e-17
0.999999999964413,2.09219386613788e-19,3.5586552563098e-11,1.32671339137437e-18,1.26361870469502e-24,3.41026378244177e-17
0.999999999890102,1.73581309339296e-17,1.09897829845416e-10,2.2712576921233e-20,4.23376382114975e-29,1.96528622471343e-17
0.999999999983737,5.32777741988961e-16,1.62621304836098e-11,7.89138657872113e-21,4.0243629722121e-33,2.14772407211877e-18
0.999999999999657,4.49307904726982e-16,3.42569229648955e-13,4.60795478602901e-20,5.7332963356018e-34,4.26182723917436e-19
0.999999999999969,8.99353209442129e-17,3.10788438475712e-14,2.03868676667272e-18,6.09909186156617e-30,1.1058330080126e-17
0.999999999999572,3.10833226404549e-16,3.29471863806394e-13,7.5705629914398e-16,3.25310145063885e-22,9.75046141677539e-14
0.999999997243896,7.18576527677786e-14,2.80152982299405e-10,3.14209929704925e-12,3.34068184244708e-14,2.47270403743852e-09
0.99999974705876,5.23423751803218e-11,9.2027967515908e-08,2.10249792509577e-08,4.10042032852613e-09,1.35735530443285e-07
0.99999692446046,1.67005428326671e-09,2.09793077914874e-08,3.00635064393494e-06,4.62481373914419e-08,2.91396793666872e-10
0.999999414916828,4.69237429650571e-10,1.97774973212807e-12,5.84079896867638e-07,5.32059894427967e-10,2.30349788618019e-16
0.999999997881568,8.26054014478669e-12,1.1729406220717e-16,2.10955061952534e-09,6.20206434708187e-13,7.01498097456391e-23
0.999999999928262,2.3701443745495e-13,1.7381176390726e-17,7.14968188438572e-11,3.73731649117748e-15,6.62902160861122e-27
0.999999999357749,5.76268223815103e-14,6.44166698079865e-15,6.42185460085753e-10,9.53131649347614e-16,1.58980230698302e-27
0.999999943321174,5.55501203973808e-14,8.78115530976383e-13,5.66778781282052e-08,1.45930295802068e-14,9.05037999722612e-26
0.999999903147027,5.25711491563449e-14,1.4994847541242e-14,9.68497105268202e-08,3.19445717196711e-12,4.8802090969399e-23
0.999999999093092,4.60591324691397e-14,1.87080711771607e-19,3.5402522822748e-10,5.52836863004557e-10,4.74044878916526e-20
0.999999992159039,1.08345941586078e-13,2.76764052825722e-23,1.52961754399414e-13,7.84070018087972e-09,3.64910210730251e-17
0.999999981749968,1.09051521103975e-12,1.34420523504124e-22,2.20177747264499e-15,1.82489326622922e-08,6.90739409587476e-15
0.999999909060673,2.16684663996597e-11,1.02214006627198e-17,6.11454240190254e-15,9.09175723091984e-08,8.02691236486857e-14
0.999998589581753,3.58504206609944e-10,4.53074247946669e-12,2.4880958346695e-13,1.41005495096206e-06,1.19555368705736e-14
0.999997169426335,5.30982709599523e-09,2.71001826745908e-09,8.25915389945459e-12,2.82254556072247e-06,3.8070485362764e-18
0.999999848620946,1.04560275906495e-07,1.08990198948468e-10,2.07550194467664e-10,4.6502237420744e-08,3.51614348132544e-24
0.999996843961096,2.99500639093224e-06,2.29432919899688e-14,1.61004387259167e-07,2.81031217033862e-11,3.65040093165035e-30
0.992101712175148,5.72648334232674e-05,2.14399025273274e-16,0.00784102299127277,1.55218273154753e-13,3.86428988978015e-31
0.149738796584471,5.74284881731391e-08,4.12903525053056e-19,0.850261145987041,3.38892281114389e-17,3.33909928694477e-29
8.93905681379899e-05,6.60165396772869e-15,5.45076159151402e-23,0.999910609431856,3.97361982139407e-24,5.8983624556025e-28
1.64494774903055e-09,5.8077861576728e-22,1.03792529597928e-26,0.999999998355052,1.0808754893168e-32,1.23839275092521e-30
1.14148291127166e-12,2.56450499314193e-27,2.27228251358953e-29,0.999999999998858,1.86890016844762e-41,3.44336212057827e-38
1.75990268251344e-15,6.2520126010285e-30,5.46783893175928e-29,0.999999999999998,8.34149883571932e-47,2.24403675101676e-47
6.22161980795193e-17,1.19566206051807e-28,3.13899934001497e-24,1,2.77480276233872e-45,3.14609670069618e-52
3.34718649287357e-17,6.69601270576291e-24,3.51951437227275e-17,1,9.61032045102126e-37,9.90656321959242e-51
4.21945537011797e-17,1.29172529189755e-17,1.61463001977441e-09,0.99999999838537,2.08233564220334e-24,4.40166415032169e-45
2.00133896366333e-15,2.76007894338272e-11,0.0156819119899195,0.984318087978266,4.21174462467492e-12,2.27283184341302e-37
7.51365373857358e-17,9.68631455822675e-13,0.999906515317712,9.34841803998876e-05,5.00919384612208e-10,3.38893702765008e-35
1.89556728610305e-20,1.05019471425138e-19,0.999999999999977,2.33178842052732e-14,2.16306021256677e-18,1.46170682200873e-36
2.15371056147512e-19,2.89901307939273e-24,1,4.13269181699643e-19,8.00781375910492e-27,1.19072019652304e-32
9.71140315220569e-17,1.02105849073671e-23,1,7.80221131927706e-20,9.91475745771073e-32,1.4459322388203e-23
2.07412219253818e-14,1.05877672488341e-18,0.999999999999956,2.78294687561432e-17,4.41584273542075e-31,2.35841704539435e-14
5.93633140381702e-14,2.73532612048992e-13,0.999999999999477,4.93842158810858e-14,5.47430588471426e-27,1.40236030503777e-13
1.27073864122898e-15,4.57110087754189e-11,0.9999999999512,3.08772290874302e-12,5.81505964119584e-23,6.23172252223143e-25
1.56881253094064e-18,2.00252442790831e-12,0.999999999996647,1.35060158027876e-12,2.09811088017464e-21,1.02232288039118e-42
3.66315516482126e-21,5.83042935593539e-15,0.999999999999976,1.75876942922075e-14,1.06747248130946e-22,1.91331930092715e-56
4.47158948167718e-22,7.13120861553606e-16,0.999999999999999,2.34887241160581e-16,3.03004383941141e-25,2.28383858024984e-59
9.01105705822473e-21,3.40197977597007e-14,0.999999999999966,1.11109028304738e-16,2.77484203158989e-26,2.4531207649853e-52
7.00308999154431e-18,4.07573613975507e-11,0.999999999959238,4.85303676431709e-15,9.87062156770237e-24,8.92888246284774e-41
2.52675866087975e-14,3.30695627261047e-08,0.999999966928265,2.14709202969156e-12,5.18585899129522e-18,1.2238939842751e-29
3.28461213065306e-10,0.000377693485915774,0.999622305421953,7.25598683200455e-10,3.80713872344784e-11,6.03205315805716e-20
3.79475753588204e-06,0.1647093729101,0.835285103113221,1.1923845977832e-08,1.71729519493897e-06,1.02205355027466e-13
3.61340291517309e-05,0.985881017550433,0.0140812702986835,7.89919235155203e-11,1.57803604065756e-06,6.69970835726716e-12
4.84734352888279e-07,0.999998626772841,8.72952021599097e-07,1.77277890734439e-14,1.55399511441648e-08,8.15272793554525e-13
7.69688333375761e-08,0.99999843403416,3.46186119507746e-09,8.1674330195029e-14,1.48553059368798e-06,4.47023890158959e-12
6.73910808171862e-06,0.977086337645804,8.08383661663795e-08,1.03876343683114e-08,0.0229068317671928,2.52921028044134e-10
1.48732366710507e-05,0.0138780677195157,3.22240208951952e-07,1.03558561066021e-05,0.986096380944855,2.64227836534496e-12
7.12319543695517e-07,2.73874166155752e-07,1.27135217242823e-08,1.68090989753369e-06,0.999997320182871,6.18946350404452e-18
1.33362575946222e-07,2.75126631429801e-10,2.55854591205638e-08,1.23682210947712e-06,0.999998603954729,6.72258109066435e-22
3.51320931974248e-08,1.84046176819682e-10,6.09447593275282e-08,2.6502304487725e-06,0.999997253508653,6.08508583542245e-23
3.25034795000378e-08,2.00809111453724e-09,5.58271388443118e-08,1.4499356372866e-05,0.999985410304918,6.39286659977935e-21
6.62956590661287e-08,9.09751317651551e-08,1.27015554620825e-08,5.64964436438372e-05,0.99994333358401,2.09171552977557e-17
2.8308470824599e-08,1.18335146869948e-06,3.9566471443497e-10,7.6217859145952e-05,0.999922570085216,3.37821147958168e-14
6.99211430511036e-10,5.02978798403812e-07,3.45481898336229e-12,4.41185350653166e-05,0.99995537777705,6.42015274447467e-12
2.12812299583631e-11,2.82924679176553e-08,3.33592000465362e-13,3.41502126987645e-05,0.999965812774828,8.69838995130059e-09
3.26899703023216e-09,1.58915923344051e-07,4.82656248832553e-10,0.000400468408681863,0.994609331283049,0.00499003764069241
2.46783813916252e-08,7.71826041854871e-08,3.3660360030908e-08,9.13419708685638e-05,0.000764324394410466,0.999144198113375
8.27618090207509e-10,1.14580855931179e-09,9.12387485073423e-10,2.76545532449807e-07,3.80802160761682e-13,0.999999720568273
3.70886105523546e-08,6.28887461306799e-10,5.82789045508901e-11,1.41234599160034e-07,1.43049603838125e-19,0.999999820989624
2.24898739724287e-06,5.52263475241667e-10,8.40926227634929e-13,1.10154832174868e-08,2.08706956190988e-24,0.999997739444015
1.16917392930532e-05,2.85556072123045e-10,4.38428176798608e-14,8.40972947764306e-12,1.39068186263419e-27,0.999988307966697
3.83556203699178e-06,9.81399752507889e-11,5.32162465343068e-14,4.60359506074863e-15,1.33793757096338e-28,0.999996164339765
2.91800465988452e-07,4.17669965805875e-11,5.4408922912756e-13,4.22532738096789e-16,2.40071933990616e-27,0.999999708157222
8.48160656256465e-09,2.58214626734735e-11,4.78123392521233e-12,2.61179091776144e-15,5.91466528456649e-25,0.999999991487788
2.83888638675876e-11,1.23476536232759e-11,1.56742048165917e-11,3.96235346508385e-15,3.47615517071497e-23,0.999999999943585
2.06578180225006e-14,2.78969493617561e-12,4.44883327464696e-11,2.2239950941015e-16,1.41764733057139e-22,0.999999999952701
4.1848584290803e-16,8.05974015832348e-13,1.76022961538054e-10,4.13693665753503e-17,1.01786917391488e-21,0.999999999823171
3.76678956744773e-14,3.41785624445089e-12,4.2856094394365e-10,1.88929221112115e-15,9.30916928871211e-19,0.999999999567982
3.21049436323885e-08,6.05304704140778e-08,1.18144391384102e-09,8.13418565061604e-12,3.12626841485932e-13,0.999999906174695
0.00152534700767343,0.0368321804105127,3.870247339217e-08,1.06211167908667e-07,3.92972422783739e-06,0.961638397943945
7.56670004644702e-05,0.999078685898375,7.10591529237511e-10,2.11167274877995e-08,0.000613613758227261,0.000232011515614475
2.13403646912375e-11,0.99987727899408,1.72352838276425e-11,1.86757474072721e-10,0.000122720776101894,4.48554674897249e-12
2.35595482114123e-16,0.999992137438746,1.788413285527e-10,3.14879431240482e-10,7.86206753321734e-06,6.22514725939208e-17
1.74924367631955e-18,0.999999805473834,1.13098924714781e-09,3.65129879509002e-10,1.93030046997134e-07,7.0006149375313e-22
1.35141637287079e-18,0.999999997890958,1.78387930430138e-10,1.76627123644635e-11,1.91299117311694e-09,2.55941242117391e-26
6.99297230380542e-18,0.999999999984074,9.38741892483465e-13,1.46925778434914e-13,1.48404003157741e-11,3.2309237208869e-28
8.28984301421004e-17,0.999999999999785,2.5312735256165e-15,3.93443061986352e-15,2.08749217349516e-13,7.79637188935424e-26
3.90230640032574e-15,0.999999999999991,7.08201990255906e-17,7.7501672087627e-16,3.7626595373657e-15,6.81436375060697e-20
5.73447394008387e-13,0.999999999999358,9.25374692957951e-17,4.34911223121514e-16,2.04372918162387e-17,6.8002978114929e-14
1.90366330940646e-11,0.999999999970951,1.80740574965343e-15,3.81054133431341e-16,1.63238275719941e-20,1.00103555546209e-11
4.26911113105474e-12,0.999999999995703,1.55761807632611e-14,4.91469807362184e-16,8.72494092677536e-24,1.21767533511394e-14
3.78123126662097e-15,0.999999999999993,2.29818418168961e-15,7.11702170622174e-16,6.43170308208648e-26,1.72977292172832e-20
1.46372795740355e-18,0.999999999999999,1.01411619212332e-17,1.44190954969841e-15,7.12392395996601e-26,1.06111294222372e-25
2.91354646834056e-19,0.999999999999982,1.55738191364346e-19,1.81888084766333e-14,1.79553568455902e-23,7.25279354539901e-28
7.01489094752655e-16,0.99999999999511,9.21324841231557e-19,4.88897951416621e-12,2.58230986765123e-19,7.95032835317931e-27
2.81847441940698e-08,0.999999261557499,3.66520754168325e-15,7.10257693175385e-07,6.00197343301751e-14,4.94878971118598e-24
0.00377865284360407,0.971772616262275,8.17968186518377e-10,0.0244487212050868,8.87106581935487e-09,7.20407381675203e-21
0.00826587047092632,0.101694338579707,3.81126713083053e-07,0.890039099625558,3.10197096481269e-07,9.59108902555069e-21
1.05416170792059e-06,1.09854185748215e-05,4.26434561784979e-08,0.999987917538156,2.3810469186569e-10,2.84304815710759e-24
4.25361683758196e-13,6.96260355019289e-13,1.46230114269785e-10,0.999999999852647,1.17288489900941e-15,1.5858674593115e-28
9.70193292733555e-18,1.25340886287982e-18,1.76924531159109e-13,0.999999999999823,3.44991621130505e-20,2.66484804366897e-31
9.44448148565397e-20,8.84929683963557e-23,5.20351556827401e-16,0.999999999999999,1.58830508044968e-21,2.03960435222935e-31
1.08485330409398e-18,9.55783550576209e-23,6.98540041209945e-17,1,3.12804351114948e-18,2.60030588141046e-28
2.53027733896753e-15,2.26634623323421e-18,3.55949996407192e-16,0.999999999997056,2.9415433810398e-12,3.76407850919843e-23
9.51209665565905e-10,2.30669949649979e-12,5.14028799544338e-15,0.999999612364088,3.86682390985169e-07,9.73134184841613e-18
0.00978971681859061,3.50695372469638e-07,3.90867113857996e-13,0.990027084001763,0.000182848478276364,5.60673029876638e-12
0.999225684185634,2.6471180354089e-08,3.3189501944016e-14,0.00077428440313261,4.84154089674931e-09,9.84793388883564e-11
0.999999999960305,2.95000126122295e-13,1.70259509888686e-16,2.65362155332227e-11,8.50704944707364e-17,1.28636245059083e-11
0.999999999417324,2.09180255735831e-14,7.0348021267997e-15,3.85378785866554e-15,5.71030494529079e-19,5.82643841214638e-10
0.999999968007905,4.56416854538938e-13,1.65842120094778e-12,1.81468998334298e-16,3.1456496903288e-17,3.19899797158764e-08
0.999999865854828,1.8898474945294e-10,2.25921739429386e-10,1.07145766646807e-14,6.01884478236427e-13,1.33729652663649e-07
0.999999768128998,1.17874585585859e-07,2.46256750508371e-08,1.51969142681808e-10,3.09920702466821e-08,5.82267024948313e-08
0.999983837187414,7.19855448538946e-06,1.37483315553878e-06,1.58844232860186e-06,5.98816568527986e-06,1.28169311312593e-08
0.999960142538186,3.25302092766866e-06,2.84665917558424e-06,3.37337660229578e-05,2.32237868308148e-08,7.91901297507143e-10
0.999998639019767,4.18843305342483e-09,8.14577749187418e-08,1.27533161720814e-06,1.63585468443998e-14,2.39098720214058e-12
0.999999980265767,2.05012930188275e-12,1.06546698306752e-09,1.86667142523031e-08,1.88158895596522e-19,1.83036849103573e-15
0.99999998147454,3.83092180505193e-13,8.03057542230999e-10,1.77220197451892e-08,1.25753337140031e-18,6.58344079612321e-17
0.99999929179751,1.06944547444473e-10,4.42072558707608e-08,6.63887588754672e-07,6.98499017900362e-13,2.0183593127749e-15
0.999982246457019,2.23526292720894e-07,2.42642642233752e-06,1.49886199522115e-05,1.14967402494278e-07,2.91168727078962e-12
0.999969760862383,9.72767331126903e-06,4.60639984218428e-06,1.54341140638584e-05,4.69187139998553e-07,1.76325980361148e-09
0.999986553811366,1.07225867869103e-05,8.19147303964348e-07,1.80917787379346e-06,5.77019492287346e-10,9.46996500894912e-08
0.999992869745447,5.7360155972232e-06,2.1822902253029e-07,2.38006082316757e-07,1.60090457812825e-12,9.38002249861787e-07
0.999992852026206,5.03129332299042e-06,3.16180120904645e-07,1.38175945793419e-07,1.751091139495e-12,1.66232265303483e-06
0.999994282098905,3.90814856095215e-06,1.14086838522728e-06,3.07348054245512e-07,1.64014856243638e-10,3.61372080032059e-07
0.999992821593898,2.3625746995816e-06,3.74547457596931e-06,1.01890220836004e-06,2.63783638501832e-08,2.50762537473714e-08
0.999986051631789,2.8672628268207e-06,7.81006146947293e-06,2.50270030882472e-06,7.66104002137873e-07,2.23960390738355e-09
0.999973172411263,7.84888048524829e-06,1.05764626399761e-05,5.05341818750862e-06,3.34851939734942e-06,3.08027151910249e-10
0.999955365262117,1.86055091707613e-05,1.10823400793612e-05,1.04467640034951e-05,4.50007888119036e-06,4.57479323031709e-11
0.999946802071347,2.5139537519746e-05,1.14400050381979e-05,1.30476703363229e-05,3.57070692132361e-06,8.83772796633753e-12
0.999964290727234,1.79839164814923e-05,1.05770005791617e-05,5.18226175886759e-06,1.96609164833221e-06,2.2980581512385e-12
0.999989163330507,3.7906004546658e-06,5.32189017773296e-06,1.08000151838309e-06,6.44176887611071e-07,4.54958544491643e-13
0.999997762800564,1.95500459130645e-07,1.41098221158671e-06,4.66869108065835e-07,1.63847574993319e-07,8.2307004625597e-14
0.999998413675288,2.73091006088312e-08,7.03910394320082e-07,7.68582860365148e-07,8.6522285842168e-08,7.09757796950882e-14
0.999994283237304,3.67242986873175e-07,2.701927728698e-06,2.45655723910311e-06,1.91033666875292e-07,1.07397603590521e-12
0.99982610930762,0.000124206229948828,4.05885322173814e-05,8.14725107760175e-06,9.48543020448502e-07,1.36116070951387e-10
0.997651373603631,0.00175668195439195,0.000336048014240614,0.000232408016937215,2.34521424227209e-05,3.62683759393492e-08
