0.00140695649080122,1.72319136146925e-05,1.48484869995318e-05,0.000261573813856041,8.08430251453249e-07,0.998298580864477
8.84283530830461e-05,2.19215306968515e-09,4.91148178182853e-11,1.16984642880749e-09,2.66545075999777e-16,0.999911568235802
3.66404683239789e-06,1.0895548324071e-12,6.33659354734129e-15,6.95081965456642e-16,3.49973060417466e-24,0.999996335952071
2.14212111322778e-06,1.18269048244085e-12,1.63618317101118e-14,9.46467064676604e-15,7.39771447525286e-24,0.999997857877678
4.3491160089411e-05,1.26307930572603e-05,1.37797209435052e-09,3.58104145298639e-09,9.14121097846318e-17,0.99994387308784
1.62615329027589e-06,0.885270777042768,3.00082626328586e-08,4.51026957656132e-13,3.32270792066677e-17,0.114727566795228
6.14734528710003e-12,0.999998144385429,2.97059396069152e-13,6.45775459719709e-28,4.00263265655583e-28,1.85560812670233e-06
3.97496103969343e-13,0.999999998877541,4.22954574924376e-15,7.57964986445455e-36,2.98186155921284e-34,1.12205744790828e-09
7.62441625752835e-11,0.999999999098744,9.97948472103079e-12,2.61103203788181e-30,1.06043879018393e-29,8.150318780213e-10
1.33546512109574e-06,0.998459069935475,0.00153959036039958,1.47035490895024e-16,5.19212878590702e-18,4.23900417563714e-09
1.49671267649083e-05,0.00712642480876372,0.992858591509032,1.55363430935119e-08,3.59962007114446e-10,6.59134582501928e-10
3.96558067854913e-06,9.8507398991535e-08,0.999994241585147,1.61907476099564e-06,7.51961003703441e-08,5.59138692896255e-11
0.000138218153523262,1.36038049111879e-09,0.999841573848849,1.85527575205799e-05,1.63596837208007e-06,1.79113540384778e-08
0.000227830198115566,1.59523356615698e-09,0.999766123523985,3.98618530360961e-06,1.51533390107631e-06,5.43163461573083e-07
6.26239940310992e-06,4.69122744964372e-09,0.999993487103632,2.88601627784534e-08,1.37597402732097e-07,7.93481721425322e-08
1.1557356128941e-06,1.30687107707205e-08,0.999998782276752,2.23584852758507e-09,4.33883988645311e-08,3.29467678789172e-09
0.00361230066361045,2.91528997639223e-07,0.996345694083941,1.46160328854453e-05,2.68519439178019e-05,2.45746647360712e-07
0.922596392179408,3.41295077125317e-08,0.0439959930275644,0.03108943722704,0.00231424464841055,3.89878806944691e-06
0.988587368002053,4.3392167711629e-12,1.38592245942464e-07,0.0113823131696674,3.01337697618242e-05,4.64619328916394e-08
0.999757469575875,1.97986470531422e-13,8.64221847411622e-12,0.000242487502968139,4.08964835848078e-08,2.0158330484153e-09
0.999999712699501,6.92427817419119e-13,1.57514935192679e-12,2.86888391802519e-07,2.62497823829044e-10,1.47341754820064e-10
0.999999963247913,9.19161177808556e-12,1.72115100711009e-11,3.66194930753854e-08,9.7102111903798e-12,9.64807302119489e-11
0.999999828199248,3.45925905187032e-10,1.31084457643962e-09,1.59918310608588e-07,9.38147446360141e-12,1.02162898358623e-08
0.999228778282229,2.32402413263008e-05,5.73176062538317e-07,8.49841159274629e-06,8.07486671072457e-09,0.000738901813923255
0.745462487498384,0.181914813082217,6.80397880427115e-05,7.93239154376206e-05,2.28195378832878e-06,0.0724730537621302
0.00865751352941629,0.990663357563799,7.65212224976107e-06,3.16081229376932e-07,2.1753228550698e-07,0.00067094317102029
5.79903169771439e-05,0.999941677226074,3.2776219432214e-07,2.19364147872071e-10,3.23405739759144e-10,4.15198486595956e-09
0.00175341087631885,0.99823852827375,8.05907998288202e-06,1.55994316343939e-09,7.78046319744395e-11,1.32200294904804e-10
0.142256630219955,0.857332155207753,0.000410720886850527,4.76337505828583e-07,4.17834466610094e-10,1.69301009346366e-08
0.861511779738557,0.134783904657264,0.00365569970094729,3.84829408447176e-05,8.48169461172027e-10,1.01321142165533e-05
0.998716811419197,0.000266109148305307,0.000993055039261647,7.1683279509471e-06,1.85150677255027e-11,1.6856046770495e-05
0.999990081745629,1.92144810733688e-08,9.7263339576393e-06,1.07453986220651e-08,5.52274435758646e-14,1.61960477878596e-07
0.999999972202121,8.68103052570209e-10,2.44871173536574e-08,6.96424582196584e-11,3.49246442196314e-15,2.37301306376181e-09
0.999999998242303,5.27820924997331e-10,2.31561005974539e-10,4.41383238301702e-11,6.26205771228512e-14,9.54113826883015e-10
0.999999992978016,2.34976070356367e-10,7.39924395922877e-11,3.42388098909697e-09,7.21314015335691e-11,3.21700274599938e-09
0.999997820637818,2.54245581771258e-11,1.22183041726377e-09,2.11984808628644e-06,4.84098401411525e-08,9.85700061037164e-09
0.999776102153272,2.40190571681225e-11,1.02609549986648e-07,0.000222828728337222,8.06927265227859e-07,1.59557556417428e-07
0.999349166470422,5.41096655278859e-09,5.68249746851981e-07,0.000613868495621615,1.05599836887708e-07,3.62857734060836e-05
0.999640017868156,5.00117850685103e-06,2.78801095333531e-09,0.000222959634251494,3.59881681273344e-11,0.000132018495086169
0.999995495048454,2.07486906015143e-06,1.00251270648277e-14,2.42703022403598e-06,1.63029633923975e-17,3.05225136275625e-09
0.999999968000621,2.08342679847914e-11,5.08177728034206e-20,3.19785444996646e-08,3.28987885593417e-24,1.47953201951685e-17
0.999999977250514,3.35185468717783e-17,6.44603804334315e-21,2.27494860974544e-08,6.36034053467947e-27,4.31002266103928e-22
0.999999880577595,9.88154209868872e-19,5.17355072757554e-17,1.1942240505341e-07,2.78352055162481e-24,9.24883891236011e-19
0.999999950783504,4.00470595284836e-15,6.7254576078781e-13,4.92132090306547e-08,3.94289049608177e-20,2.6104170715311e-12
0.999999999569289,2.1159928869401e-10,1.99831415564905e-13,1.74300394510649e-10,1.44255376705738e-19,4.46109205802954e-11
0.999999997043451,2.95647341219321e-09,1.13083876268476e-18,7.53864017354759e-14,1.92267743027849e-23,4.1613356226386e-17
0.9999999999994,5.99737902847024e-13,1.49067463687347e-24,2.73649369044625e-16,5.74110837277985e-28,1.99452664912358e-24
1,6.82740640770411e-19,2.65109984288464e-27,6.69646666062511e-17,4.35934860662068e-29,1.63695935682212e-26
0.999999999999999,3.47063293636359e-23,4.45646809475795e-26,9.49434070974056e-16,6.01802734744664e-26,1.40622888367754e-22
0.999999999999773,1.58978687462927e-23,4.09734264705242e-22,2.26705855219859e-13,1.83737306612529e-20,2.63864443558449e-16
0.999999999878765,1.82870636746685e-20,2.99398467899136e-17,8.93723319814925e-11,5.48066739682426e-15,3.18568027557688e-11
0.999999983689292,2.61073115737376e-16,3.85578103494204e-13,4.35870133455198e-09,9.90647647804659e-11,1.18525563056663e-08
0.99996861629371,1.99219299050677e-12,1.34026652140532e-09,5.75217077645276e-08,3.12015728205207e-05,1.23269503347853e-07
0.910259894673485,2.23965151215332e-09,1.66489974620694e-06,2.74468204130672e-06,0.0897353863502371,3.07154838808264e-07
0.0388546099788541,4.30966055173402e-10,1.50114152189856e-05,1.22798214810648e-05,0.961118087331201,1.10222791563437e-08
3.55952572214564e-05,6.01376904193379e-15,8.02882079174769e-07,1.03025164251367e-05,0.999953299313884,3.03841092390348e-11
1.30161759473602e-07,1.30055645192833e-20,6.26569609431655e-08,2.14419628860348e-05,0.999978365215668,2.72566221920569e-12
1.03625420516327e-06,4.40702719833318e-25,1.31056811544713e-08,9.80253080668427e-06,0.999989148105034,4.27261509233701e-12
8.21755530623501e-06,1.08148920691292e-25,1.5031875351497e-08,1.47155750089063e-06,0.999990295846303,9.01494584368125e-12
2.65730645302953e-06,7.62255501809652e-22,4.42115041246563e-09,7.87758040407155e-08,0.999997259495846,7.46864059977613e-13
1.36980324532413e-08,4.73804142026062e-16,3.83826045258237e-13,1.59361896886089e-10,0.999999986142221,8.50601871904737e-18
8.06927832417839e-12,1.8323993696402e-11,2.26225644065587e-21,2.98787348893429e-15,0.999999999973604,1.06931026104432e-26
1.98368757396674e-14,1.21419257800536e-08,8.33953010653817e-30,3.85041620679211e-20,0.999999987858054,1.00796873204949e-34
3.32223498275519e-13,0.00106527810567145,3.64989607961841e-32,5.32802202287273e-20,0.998934721893996,2.53098323254845e-33
3.26166184035231e-11,0.996272836656878,3.99552028402115e-30,1.52312284366169e-16,0.0037271633105054,1.27939853291317e-25
1.23200227208773e-12,0.999999999998768,2.75530597564633e-32,1.45539898468983e-17,3.02164082155955e-17,2.14279071425614e-20
2.65392879585137e-13,0.999999999999735,2.02232885050919e-37,2.07309440095132e-20,1.67123006632573e-36,1.7754989465915e-18
9.88693461413142e-14,0.999999999999901,5.04587395392112e-44,4.78694958852778e-26,8.12948679484115e-57,2.72025164989903e-21
9.12565885502594e-14,0.999999999999909,2.33563632069355e-46,1.92090180513911e-29,1.58477474597589e-69,4.85039891456308e-25
9.38010284972575e-14,0.999999999999906,6.48532369430465e-41,1.8364429616712e-26,2.82963103420334e-67,2.42787535761233e-26
5.69252684300911e-14,0.999999999999943,1.51448952817319e-29,5.63059478267772e-19,1.83483402773935e-51,1.34651849149726e-24
1.06622035327161e-13,0.999999999999374,2.92786103047415e-17,5.1926434732294e-13,1.41172585279666e-31,1.16901114026447e-20
1.28515800528817e-10,0.999937548707596,6.24509739112236e-05,1.89966467210877e-10,3.45078720945678e-16,1.03377112694192e-14
2.1011101816381e-08,0.0111985638806474,0.988801414902037,6.78534022565046e-14,7.12319929374301e-11,1.34913944951647e-10
1.02324426164654e-09,9.58244049077573e-10,0.999999998005,3.66279045214616e-18,1.17682017654016e-12,1.23343886682531e-11
1.04606141378835e-11,4.9590908737096e-17,0.999999999989426,1.80056721954915e-17,3.09035014525257e-14,8.27742813456961e-14
3.08866227685521e-15,5.10124947581492e-24,0.999999999999995,1.26030135317661e-15,9.54715280070821e-17,5.63157830361673e-18
2.18231742137246e-17,2.12627845277052e-29,0.999999999999999,6.80954270564042e-16,8.48254979538659e-21,1.60013566984079e-21
4.53134061623062e-16,1.42610552440685e-30,1,2.61756487751157e-18,1.0648571216209e-24,5.69544519622488e-22
2.2744777189673e-12,6.23416491530518e-27,0.999999999997726,7.99555850503795e-20,1.71063396514011e-25,5.02824084557992e-19
5.26790705788629e-09,2.86173116341391e-20,0.999999994732058,1.34609462851429e-17,5.26143737247261e-22,3.48659065276316e-14
2.09967995938425e-07,2.36297298149344e-13,0.999999787743475,4.46898808033867e-12,5.50694253099751e-16,2.28382298142124e-09
8.58649509310339e-07,3.2035693625724e-08,0.99998861994046,2.66180794298807e-06,5.4998687604238e-09,7.82206652530392e-06
4.63606079117505e-05,5.15582058582552e-05,0.984729004970805,0.00199137108747249,0.0129912469663341,0.000190458161618022
4.18539376057725e-06,2.02510311249529e-06,0.00811893878498976,8.24573776983528e-06,0.991866574853342,3.01270257020437e-08
1.61798425534393e-10,4.59043926807448e-11,5.46033746840412e-09,1.40276132180742e-11,0.99999999431793,1.73915621657514e-15
6.28188785269782e-13,1.28677638542178e-13,1.40400745814708e-13,3.60761705982608e-14,0.999999999999067,4.34812002744204e-19
2.39152126549315e-13,3.4987091020024e-13,3.99943792771277e-15,4.61602673253632e-14,0.999999999999361,2.10366068954571e-18
1.31433071336844e-11,3.32037870005211e-10,5.99022717443643e-14,3.95723453099132e-12,0.999999999650795,6.40714253444806e-15
1.31245506854573e-08,7.15017949956502e-06,5.96018985537805e-11,6.61947741103218e-08,0.99999277042181,1.97632929490723e-11
2.22223006180741e-05,0.00461096185311297,8.04124544002722e-07,0.0148094592249102,0.98055654553877,6.9580443820973e-09
6.5398307326964e-06,0.000960761425679477,2.25748661837635e-06,0.986261580382388,0.0127688608144846,6.00970626079909e-11
1.63396733436022e-09,1.76098830118924e-07,1.28897081642798e-08,0.999999607131781,2.02245711833048e-07,1.40658060690735e-15
1.98238319910802e-11,6.02782047143753e-10,4.66504781926317e-09,0.999999994323745,3.88601585155438e-10,1.89161278438837e-17
2.40626706470106e-11,1.29223638891765e-10,1.11901979662574e-08,0.999999988232357,4.24158739142947e-10,1.6967619973834e-17
2.81437034652747e-09,4.92027233060141e-11,1.80374959148599e-08,0.999999974664485,4.43444549784914e-09,1.67404914429534e-16
0.000194320780634342,9.87102265916962e-11,2.13992182986603e-08,0.999805533583116,1.24138311381017e-07,9.79952111446361e-15
0.115623618585233,7.94715898732537e-11,1.10458869444672e-08,0.884373655289536,2.71499919129642e-06,6.81392726969743e-13
0.853891761627931,7.88683586026938e-12,7.44643286022054e-10,0.14610673613045,1.5014841713043e-06,4.9183954375547e-12
0.999574837285303,6.47055525106226e-13,3.13780027242016e-11,0.000425142268978006,2.03909469166032e-08,2.27470735282443e-11
0.999999991218278,1.42946907111948e-12,1.04836952552074e-11,7.1597189407392e-09,1.75717654888759e-10,1.43437275228666e-09
0.999928310310702,4.10435125708934e-10,5.6626960422728e-10,5.00923836658057e-11,3.41212637432275e-11,7.16886283796517e-05
0.882436636912493,3.48626381116803e-07,1.10712994197437e-07,1.23243203930286e-10,5.87136026990386e-12,0.117562903619017
0.0330929221579152,3.17187094742588e-07,1.28095043563666e-08,1.41274774683651e-10,1.64188151550796e-15,0.966906747704209
6.5195816129564e-06,2.11078706593474e-10,4.25173026211165e-14,3.81806722313407e-12,7.83716266325141e-22,0.999993480203448
8.70808897493772e-10,4.59064676018116e-13,1.33202142277719e-20,2.2517766601373e-14,7.35603174872923e-27,0.99999999912871
5.35699680283184e-11,5.04321393638008e-14,1.18288142037764e-25,8.99085963559004e-17,6.73467599774691e-29,0.999999999946379
1.46440775526253e-10,1.18542576503372e-12,8.85694495534812e-27,4.12989507589744e-17,4.55665118056577e-27,0.999999999852374
2.60636524383498e-08,7.44247782790914e-10,2.11719724113469e-23,3.37679922684381e-14,6.9705809080733e-22,0.999999973192066
0.000233745277989005,4.89571728762712e-06,2.12566837995371e-15,1.21825353804191e-05,2.77665325995082e-13,0.999749176469063
0.00618689792381359,6.14255434391526e-05,8.37493955537976e-10,0.870492049233162,3.17335045595622e-08,0.123259594728587
7.2253780624061e-06,2.30943694514257e-09,4.9569917608059e-10,0.999992726386296,1.72423857297828e-10,4.5258081750477e-08
1.93227632213054e-10,1.61516057230625e-13,5.69855202300816e-11,0.999999999749617,8.27599316200238e-15,5.34766960948141e-16
7.40309722853678e-13,4.71797434426401e-15,1.74291547958189e-12,0.999999999997512,7.9119012635744e-19,7.41992159611294e-20
1.03845420899194e-13,1.78209039681108e-14,1.58817850619524e-14,0.999999999999862,7.14065630297295e-21,1.62422666534438e-20
1.27574969971533e-12,1.17663642977603e-11,2.58181724524729e-16,0.999999999986958,4.24896472538019e-20,6.14917627719307e-18
2.62500184032077e-10,3.50538153959835e-08,1.57778184534561e-17,0.999999964683672,1.60750551829989e-18,1.23979332146795e-14
3.25484078685452e-08,1.44352981457663e-06,2.82227085857975e-18,0.999998523921452,8.0139226044605e-19,3.25940461476294e-13
2.58153675939427e-07,6.81212087999979e-08,2.30509143770465e-18,0.99999967372498,4.40093077299361e-21,1.35154745287534e-13
2.04333099947685e-07,1.04758548346325e-10,3.71596146476369e-17,0.999999795561993,1.34842407718503e-22,1.47978704222937e-13
1.12265734562349e-07,2.04590204012782e-12,1.98348285987321e-14,0.999999887722515,4.42469869618967e-21,9.68464271515837e-12
1.31254970127047e-07,8.75763455419774e-12,4.60660681742836e-11,0.999999864984812,3.09353560059139e-17,3.70539457702506e-09
1.81288940116889e-07,7.15528291774978e-10,1.34621521050118e-08,0.999999697388934,1.02371509514165e-13,1.07144343313418e-07
8.76759704660785e-08,8.08193898473021e-09,4.47732269876001e-08,0.999999812227636,3.71832102278109e-12,4.7237508799388e-08
1.13553662305407e-08,7.26508268665338e-10,2.62281979834307e-09,0.999999983559316,7.33193382319456e-12,1.728657866934e-09
1.18386820741997e-09,1.57811177032301e-12,3.82661653301457e-11,0.99999999870473,3.26108676196826e-11,3.89462700317351e-11
3.8892313367808e-10,1.36975018571063e-15,1.77539279897397e-12,0.999999998556934,1.05188008948114e-09,4.86150863232668e-13
5.31574642459987e-10,1.22906250790427e-18,3.81755685611927e-13,0.999999974321287,2.51467554750878e-08,7.20279800924673e-16
1.31742049435243e-09,2.45356905631914e-22,5.99017792180951e-14,0.999999965092954,3.35895656289856e-08,1.23504507250821e-19
2.62513959557955e-09,3.18223641793545e-27,8.75000462400323e-16,0.999999994141765,3.23309461898643e-09,7.43774380336451e-23
3.41171283817306e-09,1.35885418207789e-32,1.28316177392191e-18,0.999999996276389,3.11898162754554e-10,1.91669139585062e-23
2.83629295355266e-09,9.91071556126545e-37,3.69806411777736e-21,0.999999997012763,1.50944354236452e-10,8.61010232059639e-21
1.84440934879597e-09,6.26500450591388e-38,1.71591832083402e-21,0.999999998078878,7.67124198973078e-11,1.02739295820818e-16
3.22573636191704e-09,3.15085210301202e-35,2.38226192163767e-18,0.999999996771877,2.30444961419283e-12,8.25122335099566e-14
1.29315249182734e-06,3.58260492761517e-28,5.78585634433361e-11,0.999998706788666,3.00534357696303e-15,9.80611539830735e-13
0.00267146154993837,3.27271829315517e-18,0.0236936311851755,0.973634907238792,1.65136241245313e-17,2.60944924371864e-11
0.000154253463036053,3.22441210702592e-14,0.999656374109461,0.00018937242735442,6.9118392257892e-23,1.16713466442475e-13
3.35949491619781e-07,3.51938463127428e-13,0.99999966205023,1.99992617998396e-09,4.0431941610971e-25,5.83122563305482e-16
4.95815216189417e-05,1.27209039790087e-10,0.999950400418375,1.7932795311169e-08,1.24309324424384e-20,2.05351678486792e-15
0.0816063829452154,6.50096183801204e-07,0.918382933747583,1.00332098283104e-05,1.17957954428576e-12,9.73130346768374e-15
0.998231073260804,3.18139435652084e-06,0.00176488767401525,8.54000162972539e-07,3.67066134674257e-09,7.66131153328895e-17
0.999999998423199,8.67847676402813e-10,7.0535658729693e-10,3.32319661377716e-12,2.73526510926516e-13,2.27383444369621e-19
0.999999999999369,6.23372913103627e-16,6.30073694478397e-13,9.33460229074089e-16,1.49451633974077e-20,2.52823424688178e-19
0.999999999999971,1.49179133696532e-25,2.94220535134729e-14,2.030964463356e-19,1.03863706179255e-30,3.16483219267234e-19
0.999999999999997,2.0557970132493e-35,2.43036731326437e-15,2.86664140265169e-24,1.13474670460991e-41,9.52421159813256e-20
1,1.29394802728064e-40,3.4195567130165e-16,1.62450654719123e-29,4.57148078572239e-51,7.35256404180051e-20
0.999999999999999,5.66087678350066e-38,8.92788034682419e-16,1.93481593069491e-31,4.01023311046357e-55,2.7545743621195e-18
0.999999999999876,1.07565542662423e-28,1.14314956127519e-13,1.1807448106848e-26,6.90367863078686e-50,9.42389528316689e-15
0.999999999847407,3.01622251466781e-18,4.80195766458929e-11,3.76796881583262e-17,6.83192445060873e-36,1.04573541384853e-10
0.999999996309276,7.30679960745706e-13,1.64184567754182e-09,3.06756864363724e-10,2.03255952521173e-20,1.74139057280613e-09
0.999999997790431,1.46241354220453e-14,2.18011222990483e-09,2.35178565560601e-11,5.84891211705178e-12,7.51650680789594e-14
0.999999999058374,3.01262469462873e-19,9.36550440036693e-10,1.03826225647957e-17,5.07574331151709e-12,7.94478653758607e-22
0.999999999527942,8.02829492512361e-21,4.72047799864699e-10,1.6194919507882e-21,1.00216397726203e-14,6.01409726611911e-27
0.999999999930612,1.75037909353231e-17,6.93777139004316e-11,3.57823918907214e-19,9.98200402983556e-15,5.6209959140859e-25
0.999999999997399,7.00663975646096e-13,7.43782336891828e-13,1.89530752942171e-14,1.13782652091008e-12,4.72288364162909e-19
0.999999999940844,5.14067342318246e-11,3.4865368565516e-15,2.1790291355534e-12,5.56573514228323e-12,7.38827662330287e-16
0.999999999992877,6.75442560022184e-12,2.48896736982595e-16,1.90857419589489e-13,1.77083304134122e-13,8.58015956951799e-18
0.999999999999488,5.04639086175617e-13,6.78906954284917e-16,4.15473268196012e-15,2.08435396127799e-15,2.58723689623082e-21
0.999999999999548,4.4704716303792e-13,4.60341437788545e-15,3.48829800660108e-16,1.22189879616756e-16,3.58217390449085e-22
0.999999999997707,2.28642103225225e-12,6.47980996244385e-15,5.80223814585572e-17,2.11584612801941e-17,1.18971133051713e-19
0.999999999963126,3.6868804313095e-11,3.6845703971788e-15,2.82947394254279e-17,2.73909558456725e-18,1.00938312221952e-15
0.999999999333144,6.6506592888356e-10,3.54393523738741e-15,3.35372579430368e-17,1.14873374759835e-20,1.78663661251689e-12
0.999999999700884,2.4931629912566e-10,2.20559014688089e-15,2.95875679865678e-18,2.61665104690268e-26,4.97973217309634e-11
0.999999999970676,1.30484475756966e-13,3.00744854887002e-16,6.47841384210901e-21,7.01977814402166e-34,2.91936850295457e-11
0.999999999987169,1.95804705987194e-17,2.37518787391726e-16,5.56148228641173e-22,2.69992372337501e-37,1.28306961156889e-11
0.999999999730165,9.11774402479511e-18,2.2611686197856e-13,6.41166682961268e-18,1.39721759240388e-31,2.69609309833311e-10
0.999999735993615,1.55736291545834e-14,9.97785220058424e-08,5.45632759821572e-11,2.06571726572867e-20,1.64173283843583e-07
0.999746943202151,5.32596740818701e-13,0.00024717933088925,1.59219172112635e-08,7.13761867663376e-14,5.86154443843856e-06
0.999999125543197,2.85372356193063e-17,8.05854320639725e-07,2.60410060982143e-14,4.70138296404305e-17,6.8602456844628e-08
0.999999999997158,1.83220589469611e-24,2.53207242078037e-14,2.14232889992363e-23,3.01504849945916e-24,2.81619838642002e-12
0.999999999999998,1.54847921170861e-27,1.77320874968465e-20,3.63895873670491e-27,3.58275332107967e-26,1.6940357700927e-15
0.999999999999996,2.77389203858004e-23,9.06134605415653e-21,1.33771460234987e-22,1.3071488152327e-20,4.25327542191395e-15
0.99999999999315,4.4435763201931e-15,7.36336934238861e-16,4.97425943703059e-14,5.88429776487479e-13,6.20620706975778e-12
0.999999640216053,3.83789599752446e-08,6.71009082179137e-10,2.89559788684316e-07,1.9377157835279e-08,1.1797031280763e-08
0.999819730851226,0.000122778929381127,2.22784626079827e-06,5.45391624813456e-05,1.87900625237621e-07,5.35310025986634e-07
0.999363918180315,0.000625724111828719,4.37979495137274e-06,5.26611633671117e-06,8.05602204499699e-08,6.31236347462499e-07
0.99960587105,0.000393852118566136,8.4835878126789e-08,6.38731727532527e-09,3.12667679568841e-08,1.54341470197603e-07
0.999905128305478,9.48199735794655e-05,8.34037229552245e-10,5.07280645150962e-12,1.31179238039207e-08,3.77639087511291e-08
0.999987402394943,1.2572411746913e-05,7.49376983737629e-11,4.78581853286154e-14,6.3595667466359e-09,1.8758758199583e-08
0.999998989286836,9.86157978446204e-07,1.46697958682076e-10,4.05575916338493e-14,4.21273012277914e-09,2.01957169415195e-08
0.999999872182079,8.15491739616898e-08,3.22640656955673e-09,3.03865177307595e-12,2.01613860931272e-09,4.10231628796862e-08
0.999999668490448,2.10985217848263e-08,1.27653369318584e-07,1.42371755330383e-09,1.52975832753217e-10,1.81180967477096e-07
0.999997979179102,9.9914167082216e-09,3.60288646865727e-07,4.04099556429412e-08,3.2623579123574e-13,1.61013055258771e-06
0.999994353449008,6.41444279534355e-10,3.27799597841087e-09,2.26503174262636e-09,2.63935532118447e-17,5.6403665196323e-06
0.999999521404326,1.53416054787862e-12,1.8382782301901e-13,1.62194501686064e-12,1.05371347410541e-20,4.78592333768527e-07
0.999999999651224,1.81385699351376e-15,1.58499022989955e-17,9.58758093443722e-15,1.85621886758464e-20,3.48764919313841e-10
0.99999999999992,4.06354694615599e-17,8.65405293396662e-19,3.20050449490599e-14,2.55103533556404e-16,4.73911386587758e-14
0.999999999994363,2.33684334590978e-17,1.07553608520551e-16,2.42657264563017e-12,3.21036181531347e-12,1.45208491062349e-16
0.999999999993494,3.08634933358822e-17,9.76609921596032e-13,4.05269933014923e-12,1.47695792446518e-12,5.64433851525349e-17
0.999999297191518,2.10762022464458e-16,7.02808438045449e-07,4.30022674469637e-14,1.24619161145913e-16,5.30155611572102e-16
0.9576685375051,4.09182337751629e-14,0.0423314624948419,4.13805506890685e-16,2.58175755228444e-20,1.71162379897264e-14
0.0313136667634392,6.07727233310075e-13,0.968686333235951,1.19829368951363e-18,4.75836612305019e-23,1.78254131408957e-15
3.70080945580433e-06,4.20857357246728e-13,0.999996299190123,8.34874267874364e-20,3.53081297449704e-24,1.18163349205561e-17
3.99594385741419e-10,1.27104201399499e-12,0.999999999599135,3.14619340460187e-18,2.83980832893916e-23,7.64731339307974e-18
4.65913530277673e-12,3.26515172112272e-12,0.999999999992075,1.81698947965262e-16,3.54532902403682e-23,5.67314837189839e-17
7.39592301048298e-13,4.73780852961154e-12,0.999999999994518,4.36522254422168e-15,4.70457109047876e-24,3.47784464802956e-16
4.58026227564546e-12,9.3951885135726e-12,0.999999999985634,3.85117317897978e-13,1.67552355297392e-24,5.33469953274828e-15
4.23598304666434e-10,1.94347480437893e-11,0.999999996922383,2.63430917517999e-09,2.94621034033759e-23,2.74827749779175e-13
5.30359808731833e-07,2.615950502111e-10,0.995744546529898,0.00425492264069156,1.32157323494847e-18,2.08006677630886e-10
3.30470816164987e-06,4.03332038627991e-10,0.0636248552580041,0.936371839578213,1.94850137836274e-15,5.22875302601884e-11
8.91462689640565e-08,7.5219576649802e-11,1.83694749104451e-05,0.999981541303275,3.43805665498974e-14,2.91546016173763e-13
3.80074745860326e-07,8.80804073933263e-10,1.48170691509302e-08,0.999999604222937,1.78511360647718e-12,2.65867081542522e-12
0.00093778863169358,1.15651298740678e-07,1.30866648431758e-08,0.999062072922986,9.95332025123818e-11,9.60782417712999e-09
0.238808961100617,3.09187638892166e-07,1.84590929356018e-08,0.761188783113557,2.58873015098174e-10,1.92788022149168e-06
0.994789922634468,4.980760707486e-09,3.34639668261273e-10,0.00521006314704932,2.64253579668734e-13,8.90281760052755e-09
0.999999918249471,1.28849810013123e-10,2.35813569988476e-13,8.16200206501443e-08,7.72703624144185e-19,1.42236437596845e-12
0.999999995145844,4.79180911838188e-09,7.03556193722134e-14,5.60653064350441e-11,1.51415451637573e-23,6.21095658623715e-12
0.999999720595433,2.27713476336936e-07,1.69659397708921e-13,3.27995999200994e-12,1.87241557256782e-28,5.16876407706335e-08
0.999995303664791,1.15838396909316e-08,1.20293768743116e-13,1.25307815151516e-14,1.3050854724553e-33,4.68475123661481e-06
0.99999999968078,1.36591865283159e-13,4.87810559957193e-15,1.63260685164687e-19,2.70800153333673e-38,3.19078565084504e-10
1,2.68227158070833e-19,1.31868461563295e-16,1.84249756515419e-25,7.37362005953571e-41,4.16720830643403e-18
1,3.68498923915772e-22,1.83916250151643e-16,1.0962629759969e-28,1.24324575464219e-39,6.01919477871797e-23
0.999999999999949,3.70438711949452e-21,5.11598280622895e-14,2.2817057185883e-26,2.40663087156629e-34,4.54188941980334e-21
0.999999999880763,7.11217381668197e-18,1.19231650051873e-10,1.17411627308178e-19,8.40144475233085e-27,5.7146724073416e-15
0.999999700979698,9.16952131806374e-14,5.10911045812538e-08,1.05367338964383e-12,1.7639027580132e-19,2.4792805226954e-07
0.963236857175645,4.92682845218917e-09,5.1227836623238e-06,2.64895701141622e-08,8.0784027723092e-14,0.0367579886242131
0.0697049911980658,3.40283610800243e-07,1.4918948284083e-06,1.03441239916344e-08,2.40427658772094e-12,0.930293166276967
9.0681565801288e-05,3.82226256725944e-08,5.48388186430005e-09,1.19915825209682e-10,1.75865356091174e-12,0.999909274606017
8.75586456552707e-08,4.77775404307969e-09,3.59995797705177e-11,3.26276613893786e-10,1.22356203665131e-10,0.999999907178968
3.84240218179191e-08,1.38910578326777e-10,3.87745152118568e-14,7.69757748915105e-10,6.5261805764336e-09,0.99999995414109
1.84435467629586e-05,3.08199226795946e-14,6.03730053102018e-18,1.97330109936209e-11,6.25188855588114e-11,0.999981556370954
0.0777835169546373,1.48957270242423e-21,1.51988350615629e-22,7.97840592750669e-16,2.81084206402394e-17,0.922216483045362
0.999932994942588,1.26850259568107e-34,8.38121801232548e-31,1.64275754533951e-24,1.40909057815345e-29,6.70050574122055e-05
0.99999999999998,3.63397605995973e-46,2.08971027041807e-40,7.54864420667008e-35,1.63092555139942e-42,1.95485850068958e-14
1,9.94729907840432e-45,3.52408444302994e-45,1.07363677239138e-39,1.85491448045093e-48,1.49192676525459e-19
1,4.57111351529057e-34,3.88642771732112e-46,8.46798807692347e-42,7.27837788207527e-49,1.17770800448678e-22
1,1.19658738904324e-22,1.29064184620709e-44,3.9654363129219e-41,1.18433174365561e-45,2.57348208613957e-25
1,2.58676709623557e-17,2.58615478657341e-42,5.46759424416058e-37,3.92890540761056e-41,6.51451796685083e-29
1,4.75070401854646e-18,2.14170107385839e-39,6.8313592560823e-30,1.61114621206558e-37,4.83500242784594e-33
1,2.36797480022579e-20,2.35255712722104e-34,2.73363538446612e-22,5.00822855423009e-36,4.99440111205987e-36
1,2.81414324138834e-20,2.09617978997443e-26,4.91459002623379e-17,9.55146547272954e-36,6.05976341227861e-36
0.999999999999999,8.39549128935627e-17,3.84917194717596e-18,8.32010401794293e-16,1.22331559647846e-34,1.43245308969105e-31
0.999999999987747,1.22457983625108e-11,7.58115257551951e-15,7.87602619036988e-19,3.91581992171906e-32,3.61049058130973e-24
0.999999962021442,3.79785580177846e-08,6.8455499087106e-20,9.82507053379422e-25,1.0055550011544e-29,1.4807653608119e-18
0.999999995833053,4.16694668425692e-09,9.55499566919438e-31,2.33274519456244e-30,8.8708802130606e-29,2.37314397080143e-20
0.999999999999962,3.82676638427663e-14,1.49942372276251e-40,2.58139303880472e-32,3.65630734939962e-29,1.35709893164238e-30
1,8.70701318383175e-20,6.16514637045137e-44,7.04311452450651e-30,1.85771537411636e-30,1.15802549093119e-43
1,1.18677716626431e-22,1.09426076471042e-40,1.43264457392389e-25,8.85848236079206e-33,1.71563294235074e-51
1,4.19504214392679e-22,6.83586557882732e-34,4.39621340938066e-22,2.99093190485785e-35,1.02108177699301e-49
1,1.25824732987102e-19,3.46863202921388e-26,1.78109006292099e-19,4.12054197399484e-35,9.99800573254086e-40
0.999999999999999,1.39114065307969e-16,1.04002656328739e-18,3.50798866615381e-16,3.21536114368626e-30,3.66894413121064e-26
0.999999999990087,2.59544066750703e-13,2.4631011730411e-12,7.11297544069432e-12,4.82422066995083e-22,7.69560964812432e-14
0.999997124548213,6.12169320434174e-10,4.79066782853201e-08,3.93398158442735e-08,1.08796651703154e-14,2.78759311221011e-06
0.999934999157375,2.79740716655068e-07,4.88901586427834e-06,1.42563579761232e-06,7.30642570959477e-11,5.84063771825676e-05
0.999984514839146,1.03496347186315e-06,1.39858721137933e-05,3.95745012624661e-07,9.96715915941747e-10,6.75835395888525e-08
0.999996007502092,3.12780446168819e-09,3.95157315137082e-06,3.1412734509116e-08,6.34818796170929e-09,3.60297637003444e-11
0.999999818596496,1.58789279703597e-14,4.67311956615496e-08,3.04792414127086e-08,1.041841587929e-07,8.8920171629635e-12
0.999999501562898,5.96320373339581e-21,7.64149898033823e-12,3.440772803352e-07,1.54221983402791e-07,1.30196590242485e-10
0.999999102689643,2.18636636381125e-26,6.66567870636557e-17,8.96282281846634e-07,7.91100989143609e-10,2.36974264725658e-10
0.999999972845298,2.54992967233315e-29,2.2874103132884e-21,2.71398878147325e-08,8.16703219350313e-14,1.47330379175019e-11
0.999999999896181,1.63322685956632e-29,3.47251610253236e-23,1.00594574566286e-10,5.53237608434194e-17,3.22454219126333e-12
0.99999999995305,6.03646574114173e-28,1.29482440299854e-21,1.01425630568438e-11,1.96328860499485e-17,3.68075232515016e-11
0.999999999244151,5.65361878193062e-26,8.34247315328537e-18,1.78422943472779e-10,2.37427832793404e-15,5.77423758634716e-10
0.999999982272334,2.67478936978827e-24,6.79350715468464e-14,1.76189901869318e-08,3.56147765372978e-12,1.05046920733281e-10
0.99999975695143,1.00995212078296e-22,2.27115137149794e-11,2.38133374135158e-07,4.89220890927042e-09,2.7570870869873e-13
0.999998065618934,8.51667132346405e-21,2.79004522999853e-10,4.38684131991777e-07,1.49541792893731e-06,6.94714344626939e-16
0.99998758886237,2.25883502246268e-18,7.1583540391999e-10,4.96678780266378e-07,1.19137430138124e-05,7.98549698902343e-17
0.999999539637443,1.41192085383438e-15,1.27719059820614e-09,1.91556343774809e-07,2.67529018283537e-07,2.85129868977544e-15
0.999999993792181,9.78182764633707e-13,1.81985835203825e-09,4.25136347719174e-09,1.49546856602864e-11,1.20664398783226e-10
0.997608563255395,4.20499458437142e-09,1.90212652110147e-08,7.3604177267976e-11,3.19129943180953e-15,0.0023914134447378
0.0760120228054234,1.35160884424403e-08,3.75933585372294e-09,2.64142224929118e-14,6.04825658512622e-20,0.923987959919126
6.9397684597035e-05,6.8314285572935e-10,4.40218074366971e-11,5.46858878591796e-18,2.39927090733084e-23,0.999930601588238
2.3602113234766e-08,1.93477046106137e-09,1.51185400202432e-11,1.29065744196129e-19,5.33458205844665e-23,0.999999974447998
1.81288871727808e-09,1.1710382771834e-06,5.80382860276864e-11,2.99371810068946e-20,3.21796493492895e-20,0.999998827090796
7.78225972301686e-08,0.0310415086816832,1.33919084974001e-08,2.37656457390116e-17,3.15141051086792e-15,0.968958400103808
2.55377438745366e-08,0.999936003262516,5.77829779928347e-10,5.58991513674077e-15,2.0722795377744e-13,6.39706216979475e-05
2.84845260913842e-11,0.999999999971443,2.3771061211268e-14,2.20932686129927e-14,9.09397121486033e-15,1.7347569105438e-14
1.86571794861979e-12,0.999999999995999,5.42306967524237e-17,2.13140848785244e-12,3.64557489675974e-15,8.30816742744977e-18
2.03182519952866e-10,0.999999999776739,1.23075351861284e-15,2.00666750765888e-11,2.95860126138113e-15,7.11396803864726e-15
0.00257323400310916,0.997426611148423,4.38036021123222e-09,6.5617462118224e-10,1.82439556825392e-14,1.49811914679577e-07
0.99849162639929,0.00150660584420571,4.5512633199957e-08,3.62252889595739e-14,1.27817157557204e-18,1.72224383449172e-06
0.999999993688049,6.3066595477524e-09,5.05149022805546e-14,9.05029007401175e-21,7.90970698013937e-27,5.24093014267431e-12
0.999999107140963,8.92859019359571e-07,7.25989631036593e-19,5.92939031316991e-21,2.56136264184619e-31,1.77635283757634e-14
0.965587999122261,0.0344120008772983,3.06619724967116e-21,5.29470445581011e-16,2.05121931754461e-32,4.40259968796404e-13
0.0213445125548201,0.978655487439322,2.773952102681e-23,5.47065897213276e-12,5.8955931786393e-33,3.87394010251156e-13
3.64981126285311e-06,0.999996350111801,4.32079756573263e-24,7.69361952358635e-11,6.79687272420514e-32,4.10290512586678e-16
4.21818862634906e-09,0.999999995702168,1.44197986031306e-21,7.96438097792015e-11,3.15808889555613e-27,1.59283635160291e-18
1.48131179107638e-10,0.999999999851225,1.2885114936783e-17,6.43992614089952e-13,1.36471606636737e-22,4.80841014996175e-19
1.65764581742918e-11,0.999999999983326,9.70305186854525e-14,1.43184081865402e-16,1.70272787567322e-20,2.3164016167972e-16
3.24637582354199e-11,0.999999999956013,5.95608768084863e-12,2.07989237480901e-21,9.53909204224083e-22,5.56748578806773e-12
1.38632865379619e-09,0.999999996003881,1.5388613998513e-13,4.00143467787241e-27,1.02284351881299e-25,2.60963668261226e-09
1.00543040487175e-07,0.99999989928868,1.50206002237341e-17,1.34877389746875e-32,1.62714527290121e-30,1.68279440574988e-10
3.48678814048968e-07,0.999999651321177,2.79398809188192e-21,6.18105511916666e-36,1.58058627496929e-33,9.01989122129695e-15
2.09564558111521e-08,0.999999979043544,2.60819403977462e-22,1.65082883860642e-35,1.406129628141e-32,3.65011722306322e-19
4.57056456801124e-10,0.999999999542944,6.82399751808948e-20,7.24000055413486e-31,3.25852366695924e-27,1.69117907143771e-20
3.00127976794901e-10,0.999999999699866,6.32136676799448e-15,4.67323642984019e-23,4.1212632464363e-19,2.31276027046358e-17
5.46714764775884e-08,0.999999941862608,2.94848064785063e-09,3.01361161601501e-14,3.20716190558584e-11,4.85332957494751e-10
0.000486259932827163,0.980499074255575,8.42163600345964e-05,1.99247443193382e-06,1.06669504506698e-05,0.0189177900266806
0.000463739951659643,0.0168713462382319,1.37385020164761e-07,1.90279361450298e-05,2.48301204536121e-07,0.982645500187739
8.89183460529131e-07,2.25838381910923e-06,3.31839503689928e-16,2.57187989690805e-09,9.04378095580264e-14,0.99999684986075
2.66221871098163e-09,1.1750325025129e-11,3.23590854583725e-26,3.61730863071275e-15,1.95895817471232e-20,0.999999997326027
1.06214472217425e-11,1.58974862982462e-19,5.99405283032555e-36,4.94763008148392e-23,6.78637837028576e-27,0.999999999989379
4.03094871334824e-13,1.99048381127992e-28,7.96229635089359e-43,4.07797768273297e-30,1.12480891557403e-31,0.999999999999597
1.02216987636561e-12,4.00185260160134e-33,1.97061270318679e-44,2.34614201318296e-33,4.95707360553379e-34,0.999999999998978
7.7362617765703e-11,1.12462883522998e-30,1.69287025788553e-40,4.9400763434533e-32,2.20787666186742e-34,0.999999999922637
1.32678321849012e-08,1.75443708977466e-23,5.91288321393295e-33,4.34358643335379e-28,2.73680046176084e-33,0.999999986732168
4.06274500736244e-07,6.24538361542048e-17,7.89353827921164e-25,4.15416310092739e-24,8.60397320565038e-31,0.999999593725499
7.1434094227786e-07,4.53307039907641e-14,1.8283614570718e-18,1.68673941186359e-21,6.28166390675261e-27,0.999999285659012
1.57702748385426e-07,1.91564425561502e-13,2.38428932733824e-14,1.59381544665566e-20,1.56475877513965e-22,0.999999842297036
3.46484131943596e-08,3.15610554529144e-12,1.22408269185226e-11,9.18148323680748e-21,7.76210383429181e-19,0.99999996533619
5.49007169117838e-08,5.61972496894327e-10,1.52466151126311e-09,1.22562902111642e-20,6.09494337086027e-16,0.999999943012649
1.12041689754481e-06,3.03313839286542e-08,6.23014218618333e-08,8.70017100207518e-18,1.50891384279284e-12,0.999998786948788
4.99313930117655e-05,8.54943024033289e-08,3.94290655651046e-07,5.30202066678362e-12,1.26224720835728e-08,0.999949576194256
0.000149429970657523,5.00256748919118e-08,8.56593689408651e-08,2.5851109964522e-07,8.27520292186108e-08,0.99985009308117
1.05118696434505e-05,1.33175824464689e-08,1.86746299609978e-10,1.62969745420984e-08,1.90255416894512e-14,0.999989458329034
9.02241240249339e-08,8.77021291577907e-10,1.88148892482918e-14,3.82615081084565e-15,3.83365685561671e-27,0.999999908898832
1.24295064628751e-08,5.27238410238857e-11,2.05140979268816e-17,7.03056173459291e-21,1.92072846610801e-37,0.99999998751777
1.3685596228313e-07,7.45739692596968e-11,4.43695793625786e-17,3.17151527385181e-20,1.92132439045067e-37,0.999999863069464
1.19869227987385e-05,5.50658787573412e-09,1.30491987572253e-13,4.02624005423098e-14,8.36940183644903e-28,0.999988007570443
0.000145539962307522,7.96522428262674e-07,1.68610592778507e-09,6.43153417166921e-08,1.56926996759052e-16,0.999853597513817
0.000102286087698878,9.44209981659463e-06,5.29615102963256e-07,1.8251656437114e-05,1.44646094645941e-10,0.999869490396298
1.22524276565521e-05,1.32936414071079e-05,1.89280063043855e-06,2.29782197726628e-06,1.87210016503941e-10,0.999970263121119
2.19856763832469e-06,1.59444991652637e-05,7.98663565123353e-07,2.67762633434348e-08,1.57085068301182e-12,0.999981031491797
2.63828824069557e-06,2.4269792133147e-05,3.20524140554688e-07,2.96284395196275e-09,9.70122214523316e-14,0.999972768432545
1.29910155743204e-05,2.13306251033236e-05,2.1865573945428e-07,9.46844562351133e-09,1.64425331943044e-13,0.999965450234973
5.57223230852014e-05,1.00748988387944e-05,1.77020296648268e-07,1.60483442356769e-07,1.31415815278464e-12,0.999933865273023
8.99617411344488e-05,4.28524829153633e-06,1.01408572330278e-07,1.36683322993769e-06,9.51864663595032e-12,0.999904284759253
9.63374303801078e-05,1.82395504432775e-06,3.48623083705053e-08,3.10574561720914e-06,3.38023154535376e-11,0.999898697972848
0.000149164703344291,8.7088608081741e-07,1.1846584159277e-08,4.93737507127665e-06,5.58828112481349e-11,0.999845015133037
0.000294788404730629,8.03914565200654e-07,8.44623960742881e-09,6.63935440536118e-06,3.0530664367549e-11,0.999697759849529
0.00043735565882449,1.17533040503002e-06,1.37099686472039e-08,2.18570894666215e-06,2.03735307033896e-12,0.999559269589818
0.00044633780583538,6.80976102948902e-07,2.42273977129271e-08,9.88866189104464e-08,1.00816776616068e-14,0.999552858104035
0.000359133116496401,9.56175677667925e-08,2.70079230778884e-08,3.78933165015122e-09,2.7531302416765e-17,0.999640740468681
0.000259960181567661,2.29048774767634e-08,2.93178914357162e-08,1.88553312986524e-09,3.64144957204613e-18,0.99973998571013
0.000277613957695662,8.38810244795313e-08,7.08048552799832e-08,3.29552934672821e-08,5.99800418176223e-16,0.999722198401131
0.00100671588246279,2.36062631315371e-06,6.47899082051657e-07,1.60739104249436e-05,2.3196258983182e-11,0.998974201658521
0.00682384284759306,0.000139382169290655,4.81869292064208e-05,0.00202739243380612,6.7181310425772e-06,0.990954477489061
