9.27748807881749e-05,0.000605184473697527,2.33624198586298e-08,0.0734470550410319,1.4292658434439e-05,0.925840669583628
1.40169029549792e-06,0.000139389849346041,6.82809222098701e-09,0.0098761713456774,4.37220575306475e-11,0.989983030242867
4.46864127823671e-07,8.052011792874e-07,3.02378171715277e-12,1.55174307927652e-05,5.08326473356808e-16,0.999983230500876
6.73682871026622e-07,3.99307467915213e-06,6.14951584770915e-12,3.71297260477078e-07,1.37160272638897e-18,0.99999496193904
5.52138748272304e-07,9.3979044334526e-06,2.72819122643985e-09,3.19278046947691e-07,1.96919833960505e-20,0.99998972795058
1.01108947747976e-07,9.73067430588252e-12,5.15467327416586e-11,1.01791093741321e-08,2.37351557190835e-24,0.999999888650665
1.90265401353494e-08,1.13569725050827e-21,5.75999372782647e-18,7.35317519858676e-11,5.14979541803141e-29,0.999999980899928
5.93635299644345e-09,1.1288511086574e-26,7.43650733759079e-24,2.89452194230721e-11,5.10237522492746e-30,0.999999994034702
2.591055363134e-10,4.54409034148622e-23,2.24512198291794e-24,8.44693215160001e-10,1.14569933143326e-25,0.999999998896201
4.44293132786527e-13,8.13768379532097e-16,1.08312854676021e-21,1.61573547274196e-08,8.28072868468292e-19,0.9999999838422
1.58322677496754e-15,1.11700868915728e-10,3.07229988781789e-19,3.54948191214155e-08,5.95241257838909e-13,0.999999964392883
3.75252130524442e-15,1.8667791726701e-08,3.98818601721303e-17,1.69209107664454e-07,4.1252937732471e-09,0.999999807997803
1.05086609988386e-11,9.35606163005025e-08,1.85781395880942e-14,4.45730980574264e-06,7.04118854095941e-07,0.999994745000197
1.36395257604328e-07,1.32112904093021e-08,2.7522427163892e-12,1.80725020921933e-05,2.74914396873469e-06,0.999979028744639
3.06995599443881e-05,5.38729621005554e-11,1.22520100639597e-11,1.90106639451009e-06,2.3890838670588e-07,0.99996716039915
7.54297590515958e-05,8.15264027840487e-13,5.2953256285429e-11,1.90980210731256e-07,3.84141182242033e-09,0.999924375365557
5.25346326355363e-05,7.6846351699514e-12,2.20166872278197e-08,7.07549885750796e-07,1.26891912596125e-10,0.999946735666215
4.4048258078407e-05,1.26014306854121e-08,5.73271586330267e-05,8.45498730407264e-06,8.96009108294049e-12,0.999890156985594
7.4850260475247e-06,1.11845254375475e-05,0.00022321375898549,2.82534562473036e-06,5.95011756946002e-13,0.99975529134331
1.95432176056485e-08,0.000116816567896095,5.34289235853704e-07,4.88506239654546e-08,1.23178623068023e-13,0.999882580748903
2.11506028580803e-12,7.09576594396032e-05,9.30875337807819e-12,1.4492456833802e-08,6.20307434403912e-13,0.99992902783606
1.10582958190055e-15,2.42731895465637e-05,4.89634444477264e-16,9.6153634528248e-07,4.57931448017593e-11,0.999974765228313
1.92216972144066e-16,1.12524175343953e-05,1.61343727439396e-20,5.6679032946054e-05,1.96947477770239e-09,0.999932066580045
7.9143715696435e-15,4.50228720297434e-06,5.16602451823708e-26,3.30754956027687e-06,1.02779605184576e-08,0.999992179885268
7.36959535583323e-13,1.28219790775502e-06,5.86539674985645e-31,1.82389000216353e-10,3.26550627000713e-08,0.999998684963904
1.93466839087801e-12,4.74583790671516e-07,3.47666021027189e-32,2.74719061154051e-14,1.57452771280397e-07,0.999999367961476
1.36263500392846e-13,5.27234867715212e-07,2.64469689834207e-28,1.77611380949208e-14,1.08416796714351e-07,0.999999364348181
1.45873511835556e-14,9.88767903183438e-06,4.9019117378428e-21,7.06767644473854e-10,2.92034140880442e-09,0.999990108693844
1.22343208676583e-12,0.00125453935697059,1.55656424084761e-12,0.00761776680468939,1.15543350187466e-09,0.991127692680127
4.2620994344219e-12,0.000243575890296433,4.73777961784934e-09,0.974546185647595,5.468077415966e-10,0.0252102331732596
1.8813936785996e-12,2.96517390146094e-07,1.55449348334831e-09,0.99996997195236,1.52230816901376e-09,2.97284515671618e-05
3.58446656366952e-11,5.38225062603541e-09,5.20488376070406e-10,0.999998474729216,3.9335973682036e-08,1.47999622705218e-06
2.88884836356738e-10,3.19718069118202e-10,5.43337118502373e-11,0.999998197413066,1.85844361771771e-09,1.80006555385792e-06
1.50495555593017e-10,1.20410211194025e-10,7.82210474189147e-12,0.999999608435488,1.06571674629543e-12,3.91284718712402e-07
7.82431396638319e-11,1.91822645259881e-09,6.50871688662538e-11,0.999999911263451,2.45305672438362e-14,8.6674968203001e-08
1.08030684199172e-09,5.58257859639009e-06,4.77402417124635e-08,0.999994117743155,2.20999146517243e-13,2.50857478642434e-07
6.47566671717191e-07,0.00434286309026306,2.69736043601007e-05,0.995615140246318,2.64666343674684e-12,1.43754897399861e-05
0.000125358197644612,0.0530387402458775,8.55055624368806e-05,0.945568449379398,3.70124539035306e-13,0.00118194661427304
8.24563681554507e-05,0.301980490215079,4.31889768331762e-06,0.680055038888567,8.17692746583761e-14,0.0178776956304337
3.53166492911785e-10,0.981466061706456,8.10649586914685e-10,0.0037241480257963,1.31211389602815e-13,0.0148097891037999
3.42028508904317e-20,0.999945930462704,4.59324027114489e-16,3.56663896683207e-10,4.84508761223728e-14,5.40691805834357e-05
1.37390924100241e-27,0.999999993857062,2.57544429577562e-20,2.35585627744579e-14,2.93323781972566e-13,6.14262096252724e-09
3.00173265993398e-28,0.999999999803401,2.93243045996531e-20,2.05677490952637e-12,1.06832795837782e-11,1.83858819338125e-10
7.49962999661461e-23,0.999999554714798,1.73182160419529e-16,4.4490726436375e-07,1.80768324019102e-11,3.59860832163704e-10
3.43004975301015e-16,0.999861731362402,1.51333829097039e-12,0.000138258978196183,1.52425242649855e-15,9.65788610993277e-09
1.36078121322138e-12,0.99999985510915,3.52990342891277e-11,3.3820390512204e-08,3.60012242252425e-25,1.11033799267573e-07
1.81839086645097e-12,0.999999964455246,2.17089276911313e-11,3.16600886492954e-16,2.12210135399572e-37,3.55212263956815e-08
3.82266784739209e-13,0.999999997976277,1.49874269053947e-09,1.12671727803053e-22,2.09605993514326e-46,5.24597774857522e-10
5.25500094597746e-11,0.996362251424191,0.00363774835473664,3.56647817490267e-23,5.86903761107757e-47,1.68522642325339e-10
3.89822651013085e-11,0.0021208161527251,0.997879183808066,9.89513507526323e-23,6.04734032927051e-43,2.27056534365461e-13
7.97961840693708e-13,1.72518378839245e-09,0.999999998274018,1.09668454948962e-22,2.44390402751954e-36,1.29937045811881e-16
1.44663511614581e-11,1.98965210217302e-11,0.999999999965623,1.53841714634558e-18,5.4869730262853e-27,1.37367329548767e-14
6.10291833222011e-10,6.24079531809548e-12,0.999999999345463,6.4943182661272e-14,1.560010930215e-19,3.7939646987127e-11
5.27296404594862e-09,2.8692409802483e-12,0.999999973213576,7.59001200007874e-11,8.6773993957795e-16,2.14346900917038e-08
7.46229636840021e-09,3.46451185934476e-12,0.999999435776775,4.93366321422052e-10,9.7921741396434e-16,5.56264097029175e-07
5.00601159659039e-09,5.5355224337957e-11,0.999999009605135,1.46910941240233e-10,2.56441764558147e-18,9.85186586718816e-07
1.12503566519871e-08,1.13506409854688e-07,0.999999451159267,1.47478573071221e-10,8.35166303713871e-21,4.23936488022839e-07
1.06477628909954e-05,0.0104590094295398,0.989526072087277,7.51067866083497e-08,7.56900620535742e-19,4.19561350547877e-06
0.00102060554965394,0.965933185378865,0.0330442141145826,7.49613864650039e-07,3.8441545702985e-15,1.2453430303789e-06
5.54111948939797e-05,0.999944494544014,8.40946284313945e-08,7.8769034390954e-09,2.04967535780771e-12,2.28751062406552e-09
8.29584826389804e-10,0.999999999059805,3.94568192610858e-14,4.36860816487805e-11,6.32038655086759e-11,3.68036017890216e-12
1.76741313221297e-18,0.999999999995113,1.23926703876821e-18,7.58635762245602e-14,4.81047767320674e-12,3.35074023660198e-16
3.32681765777741e-27,0.999999999999975,1.09909877572338e-20,3.97228982710288e-16,2.42298352796532e-14,4.65029779860863e-20
4.60025825799e-30,1,1.11862223722023e-19,2.05500659959535e-17,3.1020123723361e-16,2.44491681409845e-21
5.37497985207267e-25,1,2.18661122488757e-17,4.23154866210201e-18,7.91924389377076e-19,3.91320839627099e-19
1.92943748395176e-13,0.999999999999771,3.33633753227489e-16,4.21339612039222e-18,5.06866820293902e-23,3.63386028478717e-14
0.0241336494828391,0.97586614012256,1.51781714677811e-16,1.11227751773593e-15,5.97675394997475e-26,2.10394599990153e-07
0.999994649534878,5.28753395320128e-06,1.3135369215716e-24,2.17777342232025e-17,4.61519792157543e-31,6.2931169060311e-08
0.999999999853361,9.77144870653778e-14,5.46693142517674e-32,2.00195327178236e-18,1.70861106972625e-31,1.46541432126932e-10
0.999999999968462,5.03767871696627e-16,3.77602165370724e-31,6.55210909929764e-17,1.05534625299951e-26,3.15373567266532e-11
0.999999999893702,5.46050575611317e-17,3.28943786896589e-25,9.04178519231754e-16,6.82054221877227e-21,1.06296718013581e-10
0.999999996172113,8.61282021708704e-18,4.25252410859449e-19,3.89320756761253e-15,9.42778375825389e-16,3.82788175935738e-09
0.999999954982782,5.21449302778638e-19,2.2260272986508e-18,2.59009989336905e-14,4.7576182108731e-11,4.49696162820586e-08
0.998925488793024,5.85191356842015e-18,5.64566379748588e-22,2.24485739800649e-10,0.00107312646535183,1.38451713844663e-06
5.64168497160834e-05,8.32624480088471e-18,1.3618754189826e-30,9.55451111326929e-09,0.999943572505064,1.09070861766987e-09
6.54087824431323e-19,1.14595118607025e-19,2.45271292714481e-39,2.73177768427125e-12,0.999999999997268,2.3839215990029e-17
4.14395353028385e-30,1.27106415048874e-19,5.04045961539139e-39,1.42697205163599e-14,0.999999999999986,5.00169624511904e-22
1.21292953248954e-36,7.25778677249366e-19,1.17276802246066e-32,2.61865879386476e-16,1,3.80398925887532e-24
7.59467798871963e-36,2.00103042223255e-17,1.32596848886882e-24,4.58184406297213e-16,1,1.29782091349712e-23
1.72811503064884e-29,2.55045176701525e-15,2.88736836985342e-18,1.11496385073619e-13,0.999999999999886,7.16519818746297e-21
1.36468073689044e-21,1.02289255065605e-12,1.95889201216841e-14,1.9295728595244e-10,0.999999999806,1.21161920847658e-16
1.79766418813174e-15,6.1105928982392e-10,5.2495587195776e-13,6.40794333033691e-08,0.999999935302516,6.46453576105539e-12
2.99373294151323e-13,9.51532811826611e-08,2.25989403705463e-15,4.87154410728387e-07,0.99999934510497,7.25870366089347e-08
3.51539176679273e-16,2.51442596201734e-07,1.18787888394364e-23,5.14451401215165e-08,0.99998298206349,1.67150487735912e-05
2.07088211680992e-23,2.28915332819475e-09,5.86829294505627e-37,1.89105576261567e-10,0.999961036981776,3.89605399651638e-05
6.53724914980895e-31,4.89270166662299e-13,1.35909582180089e-49,3.48989875418125e-13,0.999995649928398,4.35007076405486e-06
1.22317381175224e-33,2.93513337285491e-16,1.3099660164546e-54,8.58314777743699e-15,0.999999741822694,2.58177297121513e-07
1.3432452734867e-29,3.67559259606047e-17,1.73786387898157e-49,1.53759198684929e-14,0.999999934539,6.54609848584727e-08
2.83957736127814e-21,3.49636845502627e-15,1.0389674774198e-37,9.19930551177188e-13,0.999999835682392,1.64316684657661e-07
9.25350124961881e-13,1.02865243347499e-09,7.62594373512932e-25,7.88327500841486e-10,0.999926479380775,7.35188013193252e-05
2.49929335940752e-06,0.0102818994354675,1.50542072091918e-13,1.45536779074555e-06,0.973923676359922,0.0157904695433094
9.14292719707232e-06,0.981583772957059,3.63657758401839e-09,5.35949200184953e-08,0.00207226593332143,0.0163347609509247
5.13839881047956e-08,0.998479581392962,1.20906853219242e-08,1.05716538841137e-11,4.14810702828278e-09,0.00152035097368571
1.19739809893454e-08,0.999870348387894,3.91172677645558e-08,1.86668182723059e-13,1.4400128620116e-11,0.000129600506270118
4.48566495676108e-08,0.999962028496056,7.96106643689729e-08,7.94493542294896e-13,2.30477650807028e-12,3.78470335308255e-05
6.20519109431566e-07,0.999985749779277,1.04689536870243e-07,9.23298794545499e-11,9.83366406605899e-13,1.352491876348e-05
7.85611263121644e-06,0.99999061488035,8.00044936639964e-08,4.59011800225271e-09,5.60781738355014e-13,1.44441184638383e-06
1.75850521203999e-05,0.999982323143751,2.54078305545277e-08,7.78563360306719e-09,3.37742186416067e-13,5.86103272313112e-08
1.43748954053779e-06,0.999998552787978,3.87845245740003e-09,1.87810387000199e-09,1.31001953050991e-13,3.96579436849116e-09
2.90640082344572e-09,0.999999991686312,6.54545090366287e-10,1.8130412724344e-09,3.40248980655828e-14,2.93966620109463e-09
2.74410573361499e-12,0.999999910870798,2.77949149175321e-10,3.38592561289279e-08,2.75130620522168e-14,5.49892252286056e-08
1.24175220894377e-13,0.999987694743359,3.29960703660483e-10,3.65717365061305e-06,3.0411973566669e-13,8.64775260101841e-06
1.69379999860593e-12,0.999740326240993,4.53300828073955e-10,8.53668302104212e-05,8.74320384434111e-12,0.000174306465058485
2.12691868996159e-10,0.999922888401364,1.42455131625266e-10,5.39209512624283e-05,5.90668917407604e-12,2.31902863204085e-05
1.22899114755522e-09,0.999999717608248,3.10054823478662e-12,2.79262854159389e-07,5.5024253201691e-15,1.89680077556742e-09
1.92769837883443e-10,0.999999999719377,1.33522508201739e-14,8.78301768811525e-11,3.48913717984794e-19,9.58498494978516e-15
8.04935823859899e-11,0.999999999919326,2.70418047868404e-16,1.80640576854143e-13,4.72905047852617e-21,6.15220766075235e-18
1.73863650343947e-09,0.999999998261281,2.44884321048419e-16,8.18569508158033e-14,1.05129892523052e-18,8.70367746615226e-17
8.05017334640151e-08,0.999999919491395,2.47011866766781e-15,3.36024226518383e-12,9.40092649710022e-14,3.41507068370314e-12
1.54769325505763e-06,0.999888275715753,4.52965323993372e-14,2.54356625202158e-09,1.19264525143446e-08,0.000110162120927855
2.35031520698024e-08,0.68695110177174,3.71721245670652e-14,5.44420461670802e-09,3.6867519751079e-07,0.313048500605668
1.08199404417832e-11,0.0174386066473689,1.28951292869265e-15,2.24092909419884e-11,9.46164729231556e-11,0.982561393224784
1.12371829278179e-14,3.99796407161913e-06,7.82923330262219e-17,2.77560217132086e-14,3.01100762297956e-18,0.999996002035889
1.67508204741489e-15,4.58362345560191e-10,1.30892768118851e-15,1.89626083497576e-14,3.71230021812822e-26,0.999999999541616
1.91686692547594e-15,1.11741418337448e-11,9.05807968750175e-14,1.91423299648769e-12,1.50866203030761e-31,0.999999999986819
1.97255155316223e-14,1.90818265455606e-11,3.45123044717278e-13,1.45474592500265e-09,7.5230703655823e-31,0.999999998525807
3.94842695295566e-12,1.4264261301983e-08,9.61399999153824e-15,7.53733747787836e-08,6.61863294085605e-24,0.999999910358406
2.36102386672714e-08,0.00301497655731481,4.57918441714536e-17,1.38027460255846e-07,1.81355761998265e-13,0.996984861804805
9.68008265743411e-08,0.800425284486642,1.65681920218342e-23,2.85138382763721e-11,2.40215528610516e-08,0.199574594662465
7.00493842264156e-12,0.999876962135397,9.78292810453517e-32,1.38531686065565e-16,7.3680002921269e-10,0.000123037120797409
1.46160657234754e-16,0.999999995248896,1.94774076842603e-35,4.0284211341324e-18,1.24622866486838e-12,4.74985731921265e-09
6.24131121969084e-18,0.999999999501887,1.54579308186591e-31,2.4488592393639e-14,7.6310489800757e-12,4.90457040105238e-10
6.8584278679196e-16,0.999999996342441,2.68458232240226e-22,1.61554462649067e-09,1.01117394294598e-09,1.03084016076335e-09
5.2779394933276e-12,0.999999276046682,3.43132070330706e-11,6.94719095828202e-07,2.77782922233298e-09,2.64168015184859e-08
5.64003555317817e-08,0.984431032109084,0.0155472718966738,2.58589542994318e-06,6.29001456286047e-11,1.90536355566007e-05
1.72021761068354e-08,0.042335269732203,0.957621281564131,3.90940130852285e-09,4.61388444189344e-15,4.34275920842629e-05
7.66980458912309e-11,0.000115476609360879,0.999875523137273,2.38664968586219e-12,1.32668246841884e-17,9.00017428092792e-06
4.01741166551904e-12,3.37541260736226e-07,0.999992952127685,1.27343619733161e-13,1.94157845547947e-17,6.71032690974318e-06
2.23796892957116e-13,1.37522097426462e-08,0.99999886647003,2.81178134797449e-14,5.78744058527016e-18,1.11977750835546e-06
3.15444006942411e-15,6.97178244818711e-10,0.99999999089091,1.97603341063353e-15,5.4770462616794e-21,8.41190703598002e-09
2.53358314297607e-17,5.82473599956321e-11,0.999999999935395,1.42909410352497e-17,2.2019957903638e-26,6.35722463593407e-12
2.09984621667696e-18,8.66667062861799e-12,0.999999999991329,2.49480662019312e-20,5.97533326989024e-33,4.41568836690187e-15
1.57298318700832e-17,3.52274610348282e-12,0.999999999996477,7.50853475221421e-22,2.18618485223978e-39,5.26887624972997e-17
1.95261980259447e-15,4.45604984044798e-12,0.999999999995542,4.26203051101325e-20,1.50004995267353e-44,6.40178630263607e-17
5.27717906483116e-14,6.11974049257269e-12,0.999999999993821,2.30733849220215e-15,3.35476571798013e-47,4.47090789905063e-15
4.89459412105451e-14,2.22484547743923e-12,0.999999999916238,7.96726442672042e-11,4.32156750654567e-46,1.8154757472569e-12
3.1469524633774e-14,2.67767740608103e-13,0.999999998426724,1.20482938272939e-09,8.34264165391012e-41,3.68147836706137e-10
4.37711174669021e-13,8.59646162579586e-14,0.999999991993431,1.14912939824276e-11,1.2206791583339e-32,7.99455416619399e-09
2.9040092348957e-11,2.24428441342066e-13,0.999999985050076,8.35294848424995e-14,2.51566256461707e-24,1.49205760545318e-08
1.13300376816141e-10,3.78884196408707e-13,0.999999992511308,8.01459176378607e-14,1.81981603747148e-18,7.37493300830206e-09
1.77882768630967e-11,5.23493207273319e-15,0.999999995554845,8.31646864964795e-13,4.06676252421356e-16,4.42652975666854e-09
6.46801720986647e-12,2.09383164132338e-19,0.999999997726836,1.68304978521292e-13,9.05183680371071e-17,2.26652728235507e-09
1.07000347929183e-11,2.21100270716137e-24,0.999999999959276,7.24955992954343e-17,4.26510671880834e-19,3.00237031524581e-11
1.96286505038186e-13,3.39167989627353e-27,0.999999999999803,7.97045660942424e-21,4.06169234827823e-21,3.16050325940798e-16
5.73898245143308e-19,1.50761835849042e-26,1,4.94402496191395e-22,2.6126275041968e-20,3.55095564064121e-23
1.50703209456932e-25,5.97039665710939e-23,0.999999999999988,1.1951356059033e-18,1.15397301790354e-14,1.07962243672246e-27
6.04049445816183e-26,1.24805010952241e-16,0.998930631871823,2.29587170534315e-10,0.00106936789858982,6.56882371166686e-24
6.01159687994964e-26,1.05680364942175e-14,4.7076719439447e-06,4.9306682661488e-08,0.999995243021363,2.27640304433254e-19
1.15261827460065e-23,5.17903593569096e-14,3.57320161003971e-17,5.33465499684707e-10,0.999999999466442,4.03577084269055e-14
5.84870796787253e-18,3.87359416866652e-11,1.02318106155128e-26,1.91422696523878e-11,0.999999998661858,1.28026410731015e-09
4.71481674199983e-15,1.00142961190911e-09,8.15339278843686e-38,1.99377583667294e-13,0.999999998324396,6.73970718410715e-10
6.47911541463257e-14,3.13516885818934e-08,2.88155186055474e-44,1.05158639126331e-13,0.999999968632033,1.61085281966966e-11
5.5545454030938e-10,0.0035370864007881,5.93873588521788e-38,4.18148017358354e-09,0.996462877534306,3.13279715192764e-08
5.64140615251974e-07,0.998854710782435,2.07542205929548e-25,1.07116229713462e-06,0.00110150799241784,4.21459222352979e-05
1.94005285151134e-08,0.99999691282394,1.60183619492031e-15,3.40768330446322e-08,8.74907834482561e-12,3.03368994745007e-06
4.38450386897843e-11,0.999999441028929,2.90805570124553e-10,3.87169963100941e-08,2.18796134294346e-14,5.19919401920865e-07
2.57966286745639e-15,0.999999554023092,1.22086429303615e-10,3.30451428125614e-07,2.34265915586918e-13,1.15403156404299e-07
3.90128827142456e-19,0.9999989110459,2.35648003506744e-13,9.84143253684751e-07,1.00712661584621e-11,1.04800539665748e-07
9.75639700876532e-21,0.999999867116141,9.06493505300801e-16,6.54100988087679e-08,2.44516342784289e-11,6.74493072039499e-08
7.90718981693832e-20,0.999999993298868,3.37607531392166e-17,4.38747865599974e-10,1.05491512426889e-11,6.25183497345946e-09
2.49856663830731e-17,0.999999999510134,9.30212190214823e-18,3.26366453656742e-11,2.54092875733148e-11,4.31819959599151e-10
3.67336799065122e-14,0.999999985651993,1.30438970784564e-17,1.25853702186254e-08,9.76914899194703e-10,7.85684856303964e-10
4.17891255900999e-10,0.993998365726671,7.13226610112168e-16,0.00599954831873398,3.95847769134438e-07,1.68968893411668e-06
2.05813081382119e-11,0.0287403605886147,4.60359145847229e-16,0.971256020293427,4.79030731431491e-08,3.57119430338536e-06
2.68009391285095e-17,7.52664156723516e-06,3.21694543503589e-17,0.99999246838194,1.19049378674903e-11,4.96458793464387e-09
2.10588639287452e-21,7.30293934878842e-08,1.3909457314529e-15,0.9999999266636,2.14536235390715e-11,2.85551655323761e-10
4.91826526779896e-22,4.62735262633973e-08,1.21421366439506e-14,0.999999922633678,3.09583911725101e-08,1.34392467934205e-10
1.94992077141247e-20,1.26693660741737e-10,3.0387397004791e-19,0.99999720692395,2.79292501892937e-06,2.43378902966064e-11
7.5644653791038e-19,1.7820754372545e-15,1.70432941964914e-28,0.999999989686822,1.03129548414948e-08,2.21053965226742e-13
1.07855004197329e-18,1.43699389907595e-19,1.85495175081002e-36,0.999999999999981,1.79775261496379e-14,7.47698412077126e-16
5.80532958462638e-19,8.92977198364294e-20,2.07496481748536e-37,1,6.61054882563862e-19,1.60149037857993e-16
1.05140138937858e-17,5.40943323242747e-16,5.39102260604656e-31,0.99999999999997,5.2936852763086e-19,2.93920376845761e-14
1.7791692127232e-14,6.79651325394377e-11,8.5422743617829e-22,0.999999999715058,4.34166111386696e-16,2.16958425473913e-10
1.19518663006803e-10,3.74751011923853e-07,1.34669490515403e-14,0.999999255131895,2.71627063774483e-13,3.69997289293602e-07
7.69116232694339e-08,9.11612666650787e-06,4.62197801562832e-11,0.999975509987741,5.99364937231372e-12,1.52969217554551e-05
9.69861020075042e-07,2.00000105868699e-06,2.39360278674071e-10,0.999958280876919,2.1352313187738e-11,3.8749000289669e-05
4.44714519433755e-07,1.91181055173816e-08,3.50819945877017e-11,0.999977941977465,6.65252177835921e-11,2.15940883025097e-05
4.16474672150337e-08,9.21762649893865e-11,1.33154972266137e-12,0.999996183163587,1.99315353058995e-10,3.77489612275133e-06
3.62160113770411e-09,3.21004997102019e-12,8.17979199677479e-14,0.999999640833618,4.49776647400617e-10,3.55091712471903e-07
3.50635405011257e-10,3.03862472821783e-12,2.15787303430979e-14,0.999999953834048,8.98940968015473e-10,4.49133148688611e-08
2.21127219301734e-11,3.65054729714969e-11,1.56660731334961e-14,0.999999983239812,1.98506197696782e-09,1.4716492441575e-08
1.59055170647869e-12,7.47488473133818e-10,9.8916136385154e-15,0.999999980007771,3.2438109575597e-09,1.59993295036034e-08
6.65115525858743e-13,3.28890894396563e-09,2.26468196716228e-15,0.999999952695245,7.15943287546529e-10,4.32992347465046e-08
2.21178958565319e-12,1.21851400464165e-09,1.72724755918665e-16,0.999999907039979,3.00375329395787e-12,9.17362917417058e-08
7.27153325620359e-12,1.5760287921301e-10,1.71284113941574e-17,0.999999952770986,6.23653069811812e-16,4.70641391139777e-08
2.49059830484496e-12,1.6893674099387e-10,3.29042043179546e-17,0.999999989241801,6.30241492984949e-19,1.05867715113182e-08
9.29853334488044e-14,7.74106366183129e-09,6.0214506188538e-15,0.999999983372225,7.79074599082059e-20,8.88661284911277e-09
2.44959350748106e-15,1.64459852002691e-06,1.249799034681e-11,0.999998287337738,6.71378602642952e-20,6.80512416751585e-08
2.43687422460128e-16,2.27752217589358e-05,3.0169751647473e-09,0.999976519756905,1.31207316020244e-21,7.02004360203464e-07
1.8647075900593e-16,3.52831221599507e-06,5.30255949249969e-09,0.999995715491484,2.28701421810232e-25,7.5089374046305e-07
1.09698855200482e-15,1.84094379537433e-08,1.50912780154322e-10,0.999999918893911,6.32420429513112e-29,6.25457373127763e-08
2.38610499237387e-14,3.12950292676838e-11,7.312087542212e-13,0.999999997057495,3.79495105904807e-30,2.9104549819569e-09
4.30068142227978e-13,3.40532895916019e-14,4.04143326131563e-15,0.999999999515258,2.68271724843308e-29,4.8427426443098e-10
1.53969906206494e-12,9.67592197053148e-18,1.70115598378292e-16,0.9999999995917,2.10332054677028e-28,4.06760155182934e-10
7.01058629622061e-13,4.15398715346206e-22,4.61131061195908e-16,0.999999998741733,2.56345281616035e-29,1.25756558097139e-09
1.20934082151465e-13,5.21151756272538e-26,2.13385628676222e-13,0.999999753819912,2.68346754785535e-32,2.46179753340101e-07
9.48379167947039e-13,1.91257620985317e-25,3.77860706468749e-08,0.99124690585039,4.53842452419798e-35,0.00875305636259104
9.66987650357012e-14,9.31513244865226e-23,2.09983229824164e-06,0.0124883284183375,3.10531367095238e-40,0.987509571749268
3.1162248535059e-16,1.95791828079252e-19,2.91706023963979e-09,7.61278032420433e-09,4.45364933257942e-45,0.999999989470159
2.51243274258699e-15,1.71270315112474e-13,4.13824688251342e-11,5.76957718847338e-13,4.07516052641964e-43,0.999999999957867
2.77287345177038e-12,8.91514990577704e-09,4.1043946298608e-11,4.05909685053276e-13,1.35760353261781e-35,0.999999991040627
1.436025554148e-08,2.4491365719566e-06,2.16440839051882e-09,9.10998704789099e-11,1.79909687689894e-25,0.999997534247664
9.26578463128757e-06,1.68560624217113e-05,5.61923720431895e-08,6.86880754805325e-08,5.12358240178203e-16,0.999973753272499
0.000160541478401991,4.91745453978587e-05,6.99916267718577e-08,2.03658022527989e-06,7.73597040341058e-07,0.999787403807308
8.73880608940662e-06,6.26634157563314e-05,7.07312671725182e-11,4.51903861431548e-07,0.117310810242732,0.88261733556083
1.24385584136581e-10,2.02297425326237e-07,1.40039925792239e-16,1.52094683253313e-10,0.95915699559283,0.0408428018332645
2.116602167595e-15,1.85732436898165e-10,4.80425010814974e-21,4.52361637317395e-13,0.999626666031635,0.000373333782178195
5.38069021483524e-17,1.58465858885421e-11,4.46146838134852e-22,5.65912832044632e-12,0.999995463331278,4.53664721612236e-06
4.00394505875894e-17,3.36334651885251e-11,5.27224036272881e-22,2.46556843002266e-09,0.99999981112431,1.86376487931587e-07
2.07683484930305e-18,4.09912876983216e-10,1.16674968176907e-22,2.62706095746079e-08,0.999999972611458,7.08019168865715e-10
9.78791252253027e-21,4.76843331482179e-09,8.70990123786622e-23,5.27282752115972e-09,0.999999989955795,2.9446175636267e-12
6.23704880726242e-22,1.28910044663142e-08,1.8381620191574e-20,1.10211931924047e-09,0.999999986006194,6.82417373480131e-13
1.02516774269968e-20,9.94292745956656e-09,5.08831669136429e-16,2.4740209938848e-09,0.999999987564694,1.83566221013111e-11
1.92251570170332e-18,1.05963510954074e-08,2.86373094956783e-12,1.34890590098987e-08,0.999999972342806,3.5689203856744e-09
6.59050411705426e-17,3.98163740991918e-07,9.70556340184818e-12,3.48973293717666e-07,0.999955381132865,4.38717203944347e-05
9.78493012747216e-17,0.000101390351311206,7.56080127370886e-15,8.04760772475888e-06,0.919638477751664,0.0802520842892927
1.05126074340939e-19,5.64019669559069e-05,1.57267253435915e-23,4.88297014035585e-07,0.0133535219613531,0.986589587774677
1.09609668454096e-23,3.11078878459118e-08,1.13710731481969e-35,1.00692521366891e-10,3.23969216569189e-07,0.999999644822203
2.39433744730414e-23,1.31055147620184e-09,1.83627497682822e-44,5.1049440924168e-13,1.03415226066722e-09,0.999999997654786
2.87063231720231e-19,2.28557572955193e-09,6.42534338058894e-48,7.3765861723555e-13,3.42165761020336e-09,0.999999994292029
1.2387960614726e-11,9.08423074659912e-07,6.11550696880396e-44,7.64987255144806e-06,4.94808665768738e-08,0.999991392211119
8.77699614822732e-08,1.7368523400528e-07,2.93012018252047e-39,0.991444703712366,2.91762179179166e-13,0.00855503483214697
2.69584754671954e-13,8.42750623519914e-16,7.24623860868393e-41,0.999999999998573,3.59662765382802e-30,1.1569775493445e-12
1.48900179439294e-17,8.04846224060032e-22,1.49339682783699e-40,1,3.80796008410044e-45,1.87661578654679e-19
4.48650358172964e-20,6.52198288593913e-26,1.9299115083697e-39,1,2.14056980737929e-53,8.1382223311447e-22
6.39782522662601e-21,1.19759233842525e-27,3.88067270246046e-37,1,1.63745421367918e-52,2.80722684577393e-21
3.92926736672878e-21,1.61204603510086e-26,1.00547990106908e-32,1,9.26221995084819e-46,2.01497450919518e-19
1.94870713321577e-22,3.66717657039486e-23,1.15004475743612e-26,1,7.93667795584363e-41,6.88436491058384e-18
6.89433512069592e-26,1.57983043806496e-19,2.20223870391669e-21,1,1.2376198369311e-43,1.52443538876211e-17
5.5886853777741e-30,3.64207246211265e-17,4.59226927902272e-19,1,2.51231626918243e-52,4.58194783823966e-18
8.94525991589368e-31,4.58244349643779e-16,3.44216085426803e-19,1,3.14058143847334e-58,3.41146523264859e-18
1.23491246568996e-25,1.20080496457314e-15,2.36981323225576e-19,0.999999999999999,4.32169518921207e-54,1.01022159353841e-16
2.79016133538302e-17,6.38010333299057e-16,1.70569374573325e-18,0.999999999999907,2.21738244317535e-41,9.27070152339415e-14
5.52537160659912e-13,6.44528236798211e-17,3.08566096868986e-18,0.99999999995795,6.78735508443311e-29,4.14979663806696e-11
1.39396143407997e-18,1.05264486957007e-17,1.18694927994337e-20,0.999999999938074,1.29306874901291e-24,6.19259686790258e-11
4.12784663851941e-33,4.38325215907626e-17,1.4343761974121e-25,0.999999999999869,1.35516796769946e-29,1.31371682721682e-13
2.77444116537795e-49,3.97898186719373e-15,1.46761001751992e-30,0.999999999999996,8.89672452218357e-39,5.25075564287375e-17
6.73750607987799e-59,3.58438925938294e-13,5.07749604651912e-33,0.999999999999642,1.03457351581969e-45,2.4792708338715e-18
4.80517029885013e-58,3.66608744380761e-12,7.01487965131892e-32,0.999999999996334,3.58506546623855e-46,1.3125502196272e-16
1.79468227660475e-48,1.39005554147185e-11,8.09604503516021e-28,0.999999999985741,2.11880470039408e-39,3.58894374422948e-13
2.13894054917934e-35,2.26844500843321e-10,1.34036742869693e-22,0.999999999088504,5.48689681217619e-28,6.84651032264233e-10
1.37021873270256e-23,8.84121332971661e-08,1.07194923047767e-17,0.999985218602448,1.22193264768679e-15,1.46929854176648e-05
1.14837097894261e-15,0.000151421521768474,2.4221836679681e-14,0.940621321461155,1.01158906215749e-06,0.0592262454279896
3.44544437697947e-14,0.000274735616459924,1.04370404331739e-15,0.0176164496294511,3.12909171849106e-05,0.982077523836869
8.88842375426574e-16,1.60491924430668e-06,1.52415015445158e-19,5.02413561051165e-07,9.37533700356957e-09,0.999997883291857
2.85645745733503e-14,4.30647137147375e-07,1.41159627536943e-19,7.92896576169171e-10,1.61833464676948e-11,0.999999568543754
2.30008353297333e-10,3.61156837899147e-06,6.93665871417357e-15,2.79056969375991e-09,8.51357850926562e-14,0.999996385410951
1.70369021653191e-05,0.000606099947867818,0.000146824786441345,1.55949129860348e-06,3.74948822668635e-16,0.999228478872227
4.0487243867337e-06,7.40599028543285e-06,0.992934043552415,2.3541334284347e-07,5.55420261621517e-24,0.00705426631957019
1.94082768408366e-10,1.27214369301508e-10,0.999999975743226,2.33396764502116e-12,2.2653638499434e-34,2.39331428128977e-08
6.85161852357838e-11,2.06179335846075e-12,0.999999999898155,1.18545717514563e-14,2.9489609247575e-38,3.1255088288028e-11
1.7366616676095e-08,2.96178169347802e-13,0.999999982612139,1.63727143282071e-15,3.0815892035584e-36,2.09468589295949e-11
0.00299130424851909,6.29013049876626e-11,0.997008670208918,4.93595786741881e-13,3.99095179532846e-28,2.54791679601505e-08
0.961636426873467,5.88629274659805e-08,0.0383582876577405,5.37175679018203e-11,1.59869308345225e-20,5.22655214709495e-06
0.999999362823829,2.07058110324983e-07,1.31087226817116e-07,1.27966127495522e-11,7.27021514416593e-18,2.99018037671754e-07
0.999998734063716,1.24436846023411e-06,7.08033797378303e-12,2.43184977452168e-11,9.02782617662272e-17,2.15364251595363e-08
0.99999797483133,2.01990385956469e-06,1.26224376363282e-11,6.61976863961095e-11,1.67735414810457e-17,5.18599066032113e-09
0.999998524063962,1.45384636314282e-06,5.54167224261466e-10,2.16749382989327e-10,1.20100336320225e-19,2.13187584551614e-08
0.999996693918813,2.92668842245383e-06,1.0594873949139e-08,1.20220942362212e-09,3.19536454221902e-22,3.67595680748369e-07
0.999994455889997,3.84680451599154e-06,3.00383441589727e-08,1.00479585612304e-08,3.04868004187944e-24,1.65721918479647e-06
0.999999128359649,4.93094387251106e-08,3.60972199022946e-08,4.45734425482617e-08,2.02696612981181e-25,7.41660249830389e-07
0.999999833099929,4.43716846685544e-13,2.15003401166661e-08,5.94185333688413e-08,5.34452019632736e-26,8.59807540245893e-08
0.999999927155874,7.85437394765639e-20,2.6197712928638e-09,6.16037194672539e-08,1.28353905974239e-25,8.62063486604188e-09
0.999999957349033,1.08453136326537e-24,4.95978416719802e-11,4.11678010656909e-08,2.09391166446011e-23,1.43356804195463e-09
0.999999999185696,8.0337371659542e-25,2.04844348315227e-13,3.57917019408246e-10,7.69052357915927e-20,4.56182381506774e-10
0.999999999816648,8.74990219206195e-21,2.71932965194751e-16,1.35861600438525e-15,2.47302484649244e-17,1.8335055549674e-10
0.999999999939615,7.60143308831141e-16,7.56736338736513e-19,2.28534091645612e-22,1.36789563815096e-17,6.03844973455943e-11
0.999999999956144,1.3186529322867e-12,3.61416733641995e-19,2.06053553320952e-25,6.56598013103198e-19,4.25377444215054e-11
0.999999996246309,9.25777947081647e-11,9.97674559884603e-16,2.36585934356103e-21,1.65330415309586e-17,3.66111235433405e-09
0.997535298410762,4.3638686069114e-07,8.69692344873932e-09,9.80869876519957e-11,1.81302849459887e-10,0.00246425622606433
0.0229118227554899,1.83635153819656e-05,6.92109424009913e-06,7.86540451588225e-05,2.98371597538927e-06,0.976981254873754
1.39053738287e-06,1.21912190544831e-06,8.34852375479535e-10,3.05043244980922e-06,1.02441176380761e-08,0.999994328829292
1.17752744657507e-07,2.01660956811274e-06,6.32626663818315e-14,3.7953360929679e-08,3.7193087351801e-13,0.999997827683891
1.01061909942452e-05,1.68950126343736e-06,1.44252108859588e-16,3.62747391138773e-09,1.63993481541216e-18,0.999988200680268
9.96853004070784e-06,1.89867137882457e-07,1.79305264573722e-17,1.39552401712074e-09,4.90794358819479e-23,0.999989840207297
1.54498873293906e-09,6.38917296593864e-09,3.45502925634857e-18,1.34188539064422e-10,1.74427231516574e-25,0.99999999193165
2.34202805685226e-15,1.87189570531189e-10,4.75660548086477e-20,1.16560282668313e-12,1.53939739464128e-25,0.999999999811643
2.20153513574023e-19,3.75860826415373e-12,1.00787643849762e-22,6.64943025467588e-15,1.23603313671072e-23,0.999999999996235
1.51026897556406e-19,2.48117499255105e-14,7.94775995521764e-25,6.42752460889806e-16,7.12426922004144e-21,0.999999999999975
3.17217506873185e-17,1.25621925619022e-16,1.54776391884966e-25,8.32633550187353e-15,1.12118690823799e-18,0.999999999999992
1.75338919277823e-15,4.76413284432391e-18,1.59683660369835e-25,4.92332416436851e-12,3.84964504986236e-18,0.999999999995075
3.35677588579689e-16,3.49596212590311e-18,1.84012217195407e-26,1.88377303148167e-09,1.82384796381708e-19,0.999999998116227
4.80246227404489e-19,9.39991838287605e-18,1.73685858058199e-29,6.24588712579281e-09,1.12956949521345e-21,0.999999993754113
2.04471267443916e-22,1.70511975119055e-17,8.44659056319841e-34,1.44011737418899e-10,7.42999279578539e-23,0.999999999855988
1.27621979288863e-24,6.11707892596794e-17,6.35229380327127e-37,2.02815322278604e-12,3.29419355449281e-21,0.999999999997972
1.82423391899825e-24,4.9665432203366e-15,9.26110374864196e-37,2.2718264085514e-12,1.78856321207029e-16,0.999999999997723
1.18246527152803e-21,9.77538320031223e-12,1.74521842241025e-33,2.6830894380043e-10,1.85356350164428e-10,0.999999999536559
6.51212611686936e-17,2.86148316104066e-08,3.6083841953923e-29,2.9144833619704e-08,1.15491231272706e-05,0.999988393117208
5.44660571062909e-10,7.39968592304035e-05,3.67282034856327e-25,2.45921879585054e-08,0.000498882394898376,0.999427095609023
0.0173071138063436,0.00611955761823697,3.13097649548389e-21,7.98784135295799e-10,0.000371870387156928,0.976201457389478
0.99994673066814,4.61463125941794e-06,5.63355082669601e-23,3.0962604402907e-16,6.07370089000931e-11,4.8654639863411e-05
0.999999999998958,9.91023544035156e-13,3.20685796782053e-27,3.87122731758064e-23,5.06058214874037e-21,5.04465441391854e-14
1,3.98063678947818e-16,3.0102235102094e-27,3.55162661906758e-24,9.70233961588583e-29,5.81018217005583e-18
1,2.4195267559322e-17,1.97396992607415e-24,2.57617802822175e-22,1.48590070698861e-34,6.75949070625386e-18
0.99999999999993,1.16503653796176e-16,1.34159502391604e-19,3.65566013002215e-20,1.15315970505094e-37,7.00991014568161e-14
0.999999993903209,1.1748957536891e-15,1.89891556616185e-14,3.06266385479216e-19,1.00866351763676e-37,6.09677070416685e-09
0.999999427747196,3.53699429686854e-16,2.04634665417635e-10,5.4417634838329e-19,3.8670053132127e-35,5.72048169034689e-07
0.999999969326316,3.21655341734008e-19,2.6967244395869e-08,5.38890505471121e-18,4.91316266158661e-31,3.70643914130559e-09
0.999999983087488,1.88423856057727e-24,1.69118070255477e-08,1.13135247728996e-15,1.30017666224861e-26,7.03721407386731e-13
0.999999999842121,7.2450252944826e-30,1.56245604072891e-10,1.61109227305091e-12,2.34184990394415e-22,2.19666172122279e-14
0.999999629370893,1.26609767682139e-31,3.24244575868523e-12,3.7062121877687e-07,8.54764599668036e-18,4.64550344605423e-12
0.978404098656942,7.83512017095663e-26,1.52744835827658e-10,0.0215952701216334,4.7811360569749e-12,6.31063898362919e-07
0.0995527626725252,9.39885218173752e-17,1.71118760629716e-08,0.900327255773649,4.58198943689815e-09,0.000119959859959785
0.000157796560030777,9.11406523977252e-10,7.03151369535834e-09,0.999814059689533,2.06741761346716e-09,2.81337400988891e-05
4.91361632117607e-09,2.44918323770913e-08,1.13571865176666e-11,0.999993933598733,2.88163803075629e-11,6.03695564441804e-06
1.54034838996095e-12,1.49999473892292e-12,2.4769320425772e-15,0.999997886702848,1.71863098765284e-12,2.11329239040789e-06
6.41892027742564e-16,6.95762943812742e-17,1.1288655477899e-17,0.999999747405612,7.86034152681139e-13,2.52593601205228e-07
9.61863880737265e-17,7.13607863173039e-16,6.15152985473471e-17,0.999999930074697,2.47036825381544e-11,6.99005990491202e-08
4.88798460490289e-14,1.56117148081533e-10,3.31306215275766e-14,0.999999727542445,5.39902212627693e-09,2.66902333609666e-07
4.89527737841111e-10,3.82132509081623e-06,1.48136297228479e-11,0.999991033353248,3.7232306714056e-08,5.10758501300594e-06
1.90430141708193e-07,1.15453976564751e-05,6.57101893968702e-10,0.999942009745333,5.13207284107954e-10,4.62532565598903e-05
1.35777208527787e-06,2.34529288258053e-07,4.25338180664851e-09,0.999879005662123,3.07971049065917e-13,0.000119397782813966
2.3654378284805e-06,2.38761333556837e-08,6.36906312387036e-09,0.999763617992713,2.23125662944155e-15,0.0002339863242595
2.14868928929592e-06,8.72005520807285e-08,2.92856665081968e-09,0.999623842435652,4.01018681293709e-15,0.000373918745935635
5.08889614051657e-07,1.41486730001635e-06,9.38398410328773e-10,0.999687561245414,7.05380954859339e-13,0.000310514058568231
7.0972197683967e-08,1.30353534901511e-05,3.66004776887719e-10,0.999819846238432,5.61446767148779e-10,0.000167046508428219
2.85662635846937e-08,3.35128352627734e-05,1.05926239407114e-10,0.999826288518218,8.84901028073112e-08,0.00014008148422691
2.80711660042408e-08,3.17828033405433e-05,1.37825075836337e-11,0.999784359226475,5.65699843319008e-07,0.000183264185393044
1.82942839799566e-08,2.27480959121094e-05,1.43863542419098e-12,0.999794668824957,3.63683475741556e-07,0.000182201099932696
4.68674223060604e-09,2.14011957776534e-05,2.91733539521063e-13,0.999835390384542,2.28698101157689e-07,0.00014297503454471
4.33773577856142e-10,1.96048160194306e-05,1.28768544692048e-13,0.999857743503597,4.8421396044248e-07,0.000122167032520929
1.08907005177677e-11,1.14204801626664e-05,1.09509929087447e-13,0.99992345316112,1.84480314059057e-06,6.32815445767077e-05
1.85863763981859e-13,7.05272494408622e-06,2.36911734879033e-13,0.999978503349112,4.52128460984875e-06,9.92264091096292e-06
3.79698391063034e-14,1.08793963653849e-05,1.16275099233106e-12,0.999981354553091,5.91993261690442e-06,1.84611672642351e-06
8.3572106886025e-13,3.30004267550056e-05,4.18885543907862e-12,0.999956815408982,4.84338093070862e-06,5.34077830729031e-06
5.39847583272428e-10,9.47133601726522e-05,4.84669516745749e-12,0.999511950032962,2.98388552488218e-06,0.000390352176645921
2.72657488508923e-06,0.000539928743577138,9.38267941142324e-11,0.993182555144856,1.41746409418098e-05,0.00626061480191351
