1.7504986911792e-06,0.00136056209004716,1.57129843379705e-08,0.000750484457070576,0.997887187152534,8.86731463218414e-11
1.43126521319063e-10,8.53860584316994e-05,7.38317609480211e-11,7.96258138817222e-06,0.999906651143197,2.52311975415197e-14
1.08286561664039e-12,4.56568179294988e-06,8.1681971679927e-13,2.98840127355569e-07,0.99999513547618,1.83481478437234e-18
6.62453168496277e-13,1.35821030956772e-06,7.38381286296841e-13,3.72605032998319e-08,0.999998604527786,9.07935700476771e-19
1.09131211442872e-12,1.74377175929153e-07,2.53298822578524e-11,3.26205290818293e-08,0.999999792975874,9.22148619709722e-17
2.16315127358332e-14,1.81762629222724e-09,2.3985137060808e-10,2.54679807180548e-07,0.999999743262693,1.69392482964995e-18
1.08918360085614e-17,1.07909080210536e-11,1.64289648032304e-10,4.85371210275958e-06,0.999995146112817,9.96339029577695e-25
8.8362685055764e-20,1.41162475705798e-12,1.43920623274333e-10,4.25862055496699e-05,0.999957413649118,1.37251583310409e-29
5.43167956257575e-19,9.42639010146782e-12,4.11327532121684e-10,0.000109516221343273,0.999890483357903,9.72655814552201e-29
1.5728764539157e-16,2.89240754560941e-10,2.09349311060994e-10,0.00015624435287316,0.999843755148537,6.02477746861123e-24
2.21517028525383e-14,6.36791816988983e-09,3.70036045702613e-12,0.000159204798926286,0.999840788829433,5.21546116498079e-19
7.15215445289807e-13,1.44309116992387e-07,4.23883473971568e-14,8.44860703203577e-05,0.999915369619802,3.06768800849314e-15
4.22899833004712e-11,3.5286045402372e-06,1.09691236863077e-14,2.26367970925757e-05,0.999973834554498,1.56837966675059e-12
6.27959436101331e-09,1.41760052921684e-05,4.02469839211751e-14,7.11564207970195e-06,0.999978702060966,1.20270650751822e-11
1.62080058092489e-07,3.11654345924681e-06,1.14833328441355e-13,4.39953580845166e-06,0.999992321840072,4.87333886098982e-13
6.20845847880371e-08,2.24902955315098e-07,1.27705851277189e-13,2.70311101444717e-06,0.999997009901313,5.20397252338895e-15
6.51439313088009e-10,2.10217212608164e-07,4.24553749418301e-13,6.94314101881765e-07,0.999999094816818,3.36128246627014e-15
7.27641184719952e-12,0.000280748527370941,4.2822545430122e-11,2.03379108995429e-07,0.999719048042611,8.10349489775087e-13
1.52602422650298e-12,0.0922846068396091,8.71066753173917e-09,2.32468635324113e-07,0.907715151489527,4.90035155590448e-10
2.8662420293116e-13,0.860020217536677,8.37511427152895e-09,5.38697795571504e-08,0.139979719491495,7.26647936120085e-10
1.71787771036023e-14,0.999549025833151,4.99190085782338e-11,2.10315335355031e-09,0.000450972008130087,5.62934647971685e-12
3.43269966203941e-15,0.99999993535293,4.7384291774946e-13,1.97496750521187e-10,6.44490519624806e-08,4.39832032896688e-14
3.45412032495536e-15,0.999999991751797,1.75827439756361e-13,1.36369581625765e-09,6.88432726205948e-09,8.60652108882177e-16
1.48933687845128e-14,0.999999905013148,2.94128363105439e-13,2.61415934333985e-08,6.8844949510935e-08,1.48115878922242e-17
2.32612163863815e-13,0.999987182835296,8.04320826858983e-13,1.78689141245348e-07,1.26384745260601e-05,5.4870038071858e-19
1.8654424342802e-12,0.999655722628279,4.80428268246633e-12,8.65078106317002e-08,0.000344190857240385,2.53560038527267e-19
1.59607130073044e-12,0.999662190430832,1.159540719038e-10,6.91835405618118e-09,0.000337802533263768,3.70307569382426e-18
3.49154761044684e-13,0.999969895438839,2.23710744506329e-09,1.08959022031289e-09,3.01012341141843e-05,6.14848039434561e-16
3.35346783392954e-13,0.999997450979565,1.49703962821552e-09,2.39595948875045e-09,2.5451269083404e-06,1.92440598791298e-13
6.96124730837383e-12,0.99999621759099,1.70319372854646e-11,7.06557113838617e-08,3.71169120811391e-06,3.80968819683938e-11
5.12971788653521e-10,0.999977312930642,9.55985233851836e-14,2.71511455137726e-06,1.99696607771176e-05,1.78096175956223e-09
7.03070704487842e-09,0.999964077473421,1.77652244715312e-14,7.09082049183018e-06,2.88218109492285e-05,2.86441290126654e-09
9.88289543687169e-09,0.999995826013636,2.40086392547723e-13,4.6903886570659e-07,3.69502692331363e-06,3.74400717659954e-11
6.48673142170012e-09,0.999999847804025,1.73285311983985e-11,4.67329089399511e-09,1.41018598430407e-07,2.55903453667669e-14
5.23477916363848e-09,0.999999970933419,8.35548384363037e-10,3.43164058157474e-10,2.26530894284131e-08,1.13425007525552e-16
5.38784601872337e-09,0.999999870594309,4.95085408587519e-08,2.57368835967692e-09,7.19356160863755e-08,6.98182238796305e-17
1.60430112718007e-08,0.999984469679231,9.95250334881648e-06,1.80046899644729e-06,3.76130541234867e-06,5.35311457255005e-16
1.28401121114296e-07,0.999459205288588,0.000151600152607296,0.000187940475923727,0.000201125681759453,2.09905154689579e-16
1.13342796942981e-07,0.999278374891615,5.22843125232547e-06,0.000154520420916214,0.000561762913419773,5.48666024327396e-19
7.42306553485999e-11,0.999815683843869,7.83325523964466e-11,1.87136779656808e-07,0.000184128866787872,5.44136382930056e-22
4.32967951137392e-17,0.999991000800002,3.74710915728974e-16,7.57980170637954e-12,8.99919241816472e-06,5.82777661594045e-23
7.06456812381297e-23,0.999998694118064,8.96665530816324e-19,1.50632827146123e-14,1.30588192122936e-06,3.09922981648002e-21
1.97529800881015e-24,0.999998682123756,4.56966183280511e-18,1.53671048384115e-14,1.31787622833622e-06,5.25544797116885e-18
8.46356333885298e-22,0.999997603885921,1.92681213449621e-16,2.15471522104886e-12,2.39611189985399e-06,2.46034896821432e-14
2.87347172666027e-18,0.999997702250356,5.40215666683771e-16,1.18813205452201e-09,2.29121218609093e-06,5.34932508862348e-09
5.65528854374017e-17,0.984896241547136,1.23505846435355e-15,5.62910625389777e-07,4.0323029786527e-06,0.0150991632392585
6.045549776497e-23,0.00358328510727377,1.71940803021766e-18,4.94556689535263e-10,9.20290817226465e-10,0.996416713477879
1.8667431928066e-30,2.18825716945125e-08,2.18848681134332e-21,3.73980640900888e-16,1.74337805381575e-14,0.99999997811741
1.3924603454868e-31,8.91672260937278e-11,4.59887269028831e-20,5.53916854386339e-20,2.38740408131448e-15,0.99999999991083
5.39606408223648e-28,5.31306798166508e-12,3.2349833611555e-18,1.06329018295262e-21,8.81951315190252e-14,0.999999999994599
6.1276489582877e-22,3.96329604064338e-12,1.51137988383752e-16,9.66295183085524e-21,9.41131294813308e-10,0.999999999054905
2.81346107886539e-14,8.16455643062071e-09,4.70942641824752e-13,1.57237072969517e-15,0.0027965739849209,0.997203417850022
5.06181532073295e-10,4.01250132653146e-06,2.76963484835702e-11,2.9688579542172e-12,0.979942728082409,0.020053258879418
7.6954992131758e-11,9.88953006469262e-07,1.53008547287541e-12,4.188687679273e-12,0.99999890384322,1.07121099506823e-07
7.03723891579966e-12,4.73120070168597e-07,2.20540685786112e-12,9.53383244317627e-11,0.999999526768537,6.81231449838562e-12
6.36786138422007e-14,9.46353769741655e-08,2.47793949184215e-11,1.65110488879467e-09,0.999999903688595,7.97305714329855e-14
1.00229769352115e-16,4.69498585361998e-08,1.81111046996125e-09,7.78553939512673e-09,0.999999943453491,3.22001929396707e-16
1.23031592126697e-18,3.17031203401542e-07,8.06238279098409e-06,2.69508847160703e-08,0.999991593635121,8.98086944647833e-19
2.95871341073193e-17,5.54293003966561e-05,0.0198678445043163,1.96258327228602e-06,0.980074763612015,3.94704655085372e-19
5.66169889434312e-15,0.000192686782421244,0.910202174014221,1.05694921129529e-05,0.0895945697112391,4.54496195532227e-19
8.64495623874928e-15,2.23643188911857e-07,0.999999721399641,2.06872268538417e-10,5.4750289046329e-08,7.55549674487521e-22
1.30836515496954e-15,4.67782504914352e-11,0.99999999995322,6.87313117179812e-19,6.31528670929026e-18,6.05166914027403e-26
2.61258162137948e-16,1.32319189080407e-13,0.999999999999867,1.48737190589843e-27,6.78142073128926e-25,4.22683862701424e-30
7.12621619636534e-15,8.75016294267392e-15,0.999999999999984,1.74157693605298e-30,1.65949158106755e-27,8.92900329262444e-33
4.12181298269983e-10,3.74499076619241e-14,0.999999999587781,2.7072005422567e-25,1.33924548188176e-24,8.11765084710465e-35
0.00823989219921259,1.7709919680282e-11,0.991760107783074,3.5999304417815e-15,4.74816739884383e-18,8.15173401151849e-38
0.99876302227761,3.17894881318711e-12,0.00123697770700145,1.22031265544076e-11,6.61885824036771e-15,1.47864388982939e-46
0.99999999956821,1.89922606500778e-15,4.31783800513964e-10,6.53003177392048e-16,3.29085384551964e-15,1.91908618919084e-54
0.999999999999586,2.21995541936834e-17,4.11101619795707e-13,6.83454830590049e-21,2.54516224789714e-15,1.22961412327097e-53
0.999999999999968,7.90586303958798e-19,1.96626365542524e-14,2.81714753632407e-23,1.28574298215696e-14,1.72321385827565e-44
0.999999999998664,3.51229378703711e-19,5.40782623132745e-14,4.16414383733307e-21,1.2821015520574e-12,8.50186732058705e-32
0.999999999597369,7.73205572457876e-18,1.9383296356928e-12,4.94449360841641e-16,4.00691679112226e-10,9.42181140891287e-22
0.999999953759509,1.14638073087897e-14,2.49955860154459e-11,1.61184439435459e-09,4.46036399852616e-08,1.62768301219048e-17
0.990118907702702,2.334823469905e-09,4.17626733711296e-11,0.00985067857015753,3.04113505538402e-05,1.65417700034952e-16
0.00015632199020308,8.47169333014078e-08,7.52296318332099e-18,0.999841764931833,1.82836103072183e-06,3.47045507517619e-20
1.89641323736518e-15,2.82737329384431e-11,8.72561562085001e-31,0.999999999763708,2.08016292066757e-10,7.01887331293629e-26
1.16943218229025e-23,1.10084897993007e-14,2.74983851465945e-41,0.999999999996618,3.37095322673094e-12,5.90278106871628e-26
1.42015384031713e-28,1.50597061367318e-16,1.8094422012941e-46,0.99999999999891,1.08977068425894e-12,1.85081395615762e-22
2.96234925248418e-28,2.29067864493709e-15,1.26418578894513e-44,0.999999999994847,5.15108700540851e-12,2.31760722795303e-17
7.66527841286081e-24,3.38157066295794e-12,7.54010191073776e-38,0.999999999840579,1.55655757082408e-10,3.83798180751402e-13
3.42118640619494e-18,3.55629948121894e-09,1.45493119163228e-29,0.999999966714466,2.96644792212329e-08,6.47554918712713e-11
4.81673281308449e-13,2.80643497498995e-06,1.00653884922749e-21,0.999249615839004,0.00074757532381168,2.40172727536159e-09
1.0411020088025e-10,0.000116135708007931,1.0704396057216e-15,0.763995802117763,0.235888061449012,6.21106329682247e-10
2.5173897436598e-13,0.000110830239607598,2.39000371677261e-14,0.054460864457531,0.945428305302571,1.51753487219209e-14
3.27839335268052e-20,3.74513465642371e-06,1.85358948073048e-18,0.000113692244656791,0.999882562620687,4.604014346801e-23
4.31442593944731e-27,3.43686629989821e-08,3.54669301176237e-25,1.62823436397985e-08,0.999999949348993,1.26041572264854e-31
4.81752346531564e-30,2.2871057559858e-10,3.2452561661117e-30,9.32962059153164e-11,0.999999999677993,2.4454163517324e-36
3.84069496334524e-27,2.15158476402936e-11,1.89803049412158e-29,1.15831138395945e-11,0.999999999966901,6.56406515654254e-35
4.58154511192655e-20,1.69326931499728e-10,3.17291913326064e-23,2.27820337720674e-10,0.999999999602853,2.12420112227834e-28
4.19748053017056e-13,1.32456415537008e-08,3.96846724206011e-16,1.02123335213932e-07,0.999999884630603,8.66365281500143e-21
1.96427181947814e-09,2.2762488485289e-07,1.79458374360745e-12,1.02159787151988e-05,0.999989554430333,9.62803744756997e-16
4.51438197617732e-09,1.29157293399096e-07,8.01220471434124e-13,1.15939682097439e-05,0.999988272359278,3.60579996169655e-14
4.48678594923383e-10,8.5745830121523e-09,9.53461839313624e-15,3.50750332926289e-07,0.999999640226377,1.86122103210526e-14
5.2498913188112e-11,1.00113736948004e-09,6.25610826261853e-16,5.94762274362731e-09,0.999999992998727,1.2924504586219e-14
5.2720534288429e-12,1.07972980434392e-09,6.21476246102734e-16,6.64867622550796e-10,0.999999998250075,5.46243985403061e-14
9.44704970385659e-14,9.11982937726529e-09,1.72703391009292e-15,7.92321111393689e-10,0.999999990087196,5.57102927922783e-13
8.19848350973296e-16,1.66881907967166e-05,9.17517030213397e-15,5.1485593848104e-09,0.999983306638893,2.17405513391151e-11
3.14713049579885e-16,0.0293575574684929,5.20841080011172e-13,2.16449850028069e-07,0.970642189057654,3.70234819228222e-08
1.79121892161251e-16,0.826906980367428,1.00424704593812e-12,1.36126998973643e-07,0.173088323413274,4.56009129405167e-06
2.99391109284184e-17,0.999277885029834,5.37966212626128e-14,1.08427802457512e-09,0.000719437575070435,2.67631076352662e-06
8.57020503992604e-17,0.999997728209721,3.86115047578896e-14,3.37372642335936e-11,2.08712226067202e-06,1.84634242708014e-07
1.53672689681029e-14,0.999979645154977,1.27853369336091e-11,2.6688031600453e-10,2.03523917148031e-05,2.17362726743512e-09
1.13834070961466e-09,0.999478965823154,1.71251941235293e-06,6.33639992730083e-09,0.000519314182107883,5.85002459631557e-13
0.00551572380455098,0.980186907694227,0.0133054120439282,6.87448651267617e-07,0.000991269008642871,7.9195878563718e-18
0.992350228160621,0.00662124193561194,0.00102850333647385,1.09552378424639e-08,1.56120548923387e-08,9.0375416655028e-28
0.999999983271656,1.17803830997802e-08,4.94612539168542e-09,1.83503363992056e-12,1.3645641100299e-16,9.06162759988826e-39
0.999999999957184,4.18629958261071e-12,3.84448807933769e-11,1.84740290292077e-13,2.57727349598725e-20,3.02982684883134e-42
0.999999999318247,7.21737286342378e-12,6.6952731721097e-10,5.00829895496695e-12,4.82901504472233e-19,4.8845448521345e-38
0.999997951695233,3.05281896535972e-08,1.81243491316522e-06,2.05339140609777e-07,2.52404129584999e-12,1.02172775747156e-28
0.982652292299428,0.00161639216382028,0.00131575281307097,0.010266709023857,0.00414885369982349,6.22979545205491e-18
0.000564881933317921,0.00240039487983866,1.43950503178029e-06,0.005960638077497,0.991072645604309,5.63784084236263e-15
1.10723402951834e-10,7.02161457986816e-06,4.05536822602869e-13,3.39756286804596e-06,0.999989580711423,3.07619592594589e-18
3.47063976032253e-14,2.36708241956195e-09,2.5595141233291e-17,3.0816275271585e-09,0.999999994551255,2.15760960616495e-21
8.18889822666825e-17,1.5201149796384e-11,8.6249059121264e-19,7.52795157630411e-11,0.999999999909519,1.239449649588e-25
6.30727521218139e-18,9.00218713739e-12,1.37156373942973e-16,4.08142172715014e-11,0.999999999950183,6.88647435033755e-30
3.06668806150608e-16,8.18393187331048e-10,1.34791267665537e-11,2.53527615759118e-10,0.9999999989146,4.40294208857428e-32
1.13794780075261e-12,1.87040749745837e-07,3.78839684199904e-07,3.67439971538708e-10,0.999999433750988,5.84183002815467e-31
2.44054404600188e-10,6.9271492987923e-07,6.85858578236838e-07,7.84555359239759e-12,0.999998621174592,1.72608417170059e-27
9.23214787554214e-12,2.40660536407228e-08,1.61750239865561e-11,2.53054916795607e-14,0.999999975908514,3.37595876795224e-24
3.87269329366581e-16,7.59409668642166e-10,5.3363478135136e-18,2.59805486286211e-15,0.999999999240587,1.07166662506466e-22
6.67851500698559e-20,1.81496802382162e-09,1.95733467828089e-22,1.29934270882394e-13,0.999999998184902,4.41537047680855e-22
3.85203043176115e-20,1.67172840576359e-07,1.93283604134825e-23,3.17764790737659e-10,0.999999832509395,3.63073337935171e-20
3.0113619816745e-17,6.27895454769403e-06,1.80902354760431e-22,3.63470295362752e-07,0.999993357575157,4.20978550716738e-16
4.33074779918329e-14,4.89677265688166e-06,2.0023362726286e-21,6.28647382754234e-06,0.99998881672922,2.42525584839952e-11
4.8482341949933e-13,2.20395517597273e-07,8.71443886664669e-21,6.68007871814123e-07,0.999999072803066,3.8793059860814e-08
2.90976351350868e-14,7.85883172073621e-09,5.88210199981125e-20,1.34009261882699e-09,0.999999858652252,1.3214879440979e-07
1.48019043905583e-16,8.04000438390762e-10,1.8604872822231e-18,6.67970478814996e-13,0.999999996267414,2.92791773848688e-09
4.43372202051572e-19,2.70287134380604e-10,3.14176642843078e-16,1.36767439212361e-15,0.99999999972183,7.8810846366866e-12
6.43503312328201e-22,4.62012988823734e-10,3.10880957101578e-13,4.7685274498328e-17,0.99999999953764,3.57438664986751e-14
3.71464507626819e-25,1.8770471471933e-08,1.81016232102749e-07,2.13920867350947e-17,0.999999800213295,1.43066582744857e-15
6.6492304228973e-28,3.82804318333596e-06,0.0406777053623016,1.68286220864215e-16,0.959318466594514,1.02804343861579e-15
2.23996388425159e-32,1.02662699921434e-07,0.981194714866718,3.09228080585891e-17,0.0188051824705819,1.19448205337292e-18
2.32568579038911e-34,2.45446148288973e-11,0.999985208126743,5.45779737984977e-17,1.47918487121439e-05,1.47760321592342e-22
2.01755985438451e-31,2.59052654522671e-12,0.99999988885956,1.61172013440533e-13,1.11137687871779e-07,2.55352269986037e-24
6.32509128240727e-26,1.20676996582101e-11,0.999999991618345,3.39231549934724e-10,8.03035621866261e-09,2.56905565070394e-25
2.7343452151272e-20,6.95971372121286e-11,0.999999995977531,3.91517433493426e-09,3.76970457734322e-11,1.04207839759178e-25
2.42863279649466e-15,1.00610112276402e-10,0.999999998486531,1.41256548304079e-09,2.90707521752235e-13,1.19495884023545e-24
2.94859279336013e-10,1.47228802630968e-10,0.999999996536719,3.02093623831768e-09,2.56653053386531e-13,1.77204282178151e-21
0.00262833155677067,1.46357719055432e-08,0.997369691992953,1.96171937781142e-06,9.51260749209167e-11,6.92555958246724e-16
0.980461422432982,1.07509341010421e-07,0.0195340800042484,4.38615271829258e-06,3.8996507712689e-09,1.06001711585065e-12
0.999999988550376,3.02033394119856e-09,6.69244144574406e-09,1.07009483942287e-09,6.61670034746794e-10,5.08415347950618e-12
0.999999990808085,8.27856593303021e-10,2.84476346683157e-17,5.16698623674676e-12,1.15474920695301e-09,7.20414203764359e-09
0.989698396712017,1.93011535585471e-08,5.01801008554231e-27,5.63811414013271e-11,1.01108944607566e-07,0.0103014828215033
4.04608687457275e-05,8.54788935319378e-10,1.80020421744172e-41,5.4252325101979e-12,2.0923120796654e-10,0.999959538061809
2.50037453019258e-15,1.57007950315306e-11,4.09077488385328e-55,5.75321744844966e-15,3.74285656891402e-16,0.999999999984291
1.22225395212411e-21,1.25236545547167e-10,4.64992990439216e-59,4.51576747824059e-15,1.08122766316361e-18,0.999999999874759
2.25845462414699e-24,2.68943453905117e-09,1.25670766486652e-53,5.45590264734376e-14,7.60219471434121e-18,0.999999997310511
1.87692265944231e-22,4.26557363855433e-07,9.9330431102388e-42,1.42095977361563e-11,4.44745771943644e-14,0.999999573428382
5.1577500614613e-16,0.0107773379927838,9.02406703939673e-27,1.60844878427394e-06,7.42335411783396e-08,0.98922097932489
1.96574794812703e-12,0.999855351160723,5.46882072872186e-18,3.25489145223128e-05,1.52470063340821e-06,0.000110575222156022
3.56428429630394e-16,0.999999998181516,1.23658235528088e-17,1.76651136276562e-09,5.19719817802365e-11,2.37582122714633e-16
2.00129171955299e-20,0.999999999989215,3.11440372037358e-17,9.57441135250008e-12,1.21071511486296e-12,2.00626393423711e-23
1.5718397387103e-22,0.999999999978385,3.25145663055067e-14,1.01494527830302e-11,1.143345002928e-11,5.79625879645945e-24
8.55533681780991e-21,0.999999996654709,8.82995482763203e-10,2.79705930318813e-10,2.18258937373392e-09,2.90537412986629e-18
1.37197983543535e-17,0.999999930385684,2.4371997253399e-08,6.40091817835412e-10,4.45945761882713e-08,7.65053630535475e-12
3.23331800343916e-16,0.999999980967442,1.83054296836132e-11,9.07413950664124e-12,1.82373975194711e-08,7.67780207762136e-10
4.44298135638537e-17,0.999999999068741,1.05670965524684e-15,2.01454143439422e-14,9.28998973391891e-10,2.23830929780343e-12
7.31638672660423e-18,0.999999999978962,6.94969241646427e-17,6.41416965776088e-16,2.10365154522569e-11,4.44942967356081e-16
1.04090382786619e-16,0.999999999999842,1.32130641957197e-14,9.23160550880482e-16,1.43304629158833e-13,1.59312450254035e-18
6.44786295513268e-14,0.999999999978144,2.1778735671168e-11,1.24903193336726e-14,6.50102977757655e-16,8.87229313330049e-20
4.54296134761115e-11,0.999999996686522,3.26774854248522e-09,3.00440958193253e-13,4.58973375114409e-17,7.81865624539036e-21
4.31946440124513e-10,0.999999985655108,1.39101205678117e-08,2.8239099253773e-12,5.95697187553155e-16,2.13546318410611e-22
8.26057378503346e-13,0.999999999058385,9.3815709144105e-10,2.16279723116254e-12,4.69632294278717e-13,1.17159962961446e-24
4.02615360631586e-19,0.999999999308093,1.25222453594732e-12,2.18484602191272e-13,6.90436476426431e-10,1.61125308149854e-26
4.8244943585959e-25,0.999999866584743,8.04765507343995e-16,1.33943512642663e-13,1.33415122356916e-07,1.96619383849013e-25
3.19305882543648e-25,0.999998300313815,5.59282634764325e-18,1.92623536444875e-11,1.69966692276876e-06,4.59387075696258e-20
2.26859537136448e-19,0.999998200363622,2.43561635947643e-20,1.3983149288578e-07,1.65980469585437e-06,1.8917216760655e-13
2.62223383165349e-14,0.999969372316869,5.76251658610609e-26,3.04802409932272e-05,1.47415942667524e-07,2.61685503122294e-11
1.03860732440376e-16,0.999997592394439,4.41960814298138e-35,2.40489301795691e-06,2.71254183159774e-09,7.88061812725284e-16
6.92929609696477e-25,0.999999999605194,7.19874847077033e-43,3.23662000539757e-10,7.1143980026417e-11,1.34294308182257e-22
2.11451244905346e-30,0.999999999976021,2.4038510944231e-43,2.92273309461107e-13,2.3686377764857e-11,2.76835292929555e-25
1.06481512186805e-27,0.999999999751252,2.70989075113567e-35,4.59420304212585e-13,2.48288421080613e-10,2.11798287650416e-22
2.61055571745164e-19,0.999999966904525,3.08550135908867e-23,4.27590334992574e-10,3.26678845959135e-08,1.02308565969265e-17
1.90108305414817e-11,0.999989314560955,6.06758023765465e-13,1.22257571182778e-06,9.46284370890821e-06,6.45568031008878e-15
1.4208185526099e-07,0.999694855307528,2.89372347260387e-07,4.98449595127702e-05,0.000254868278725054,3.1780166834131e-14
5.82063317070727e-07,0.99965420051827,9.81790133562487e-06,2.98531611348051e-05,0.000305546355902794,3.94361750361271e-14
1.57341184769051e-07,0.999963751634664,1.23269014212706e-06,1.5161760988077e-06,3.33421578746207e-05,3.55672645477286e-14
5.37318468107596e-08,0.999998791716555,1.51861237496754e-08,8.50767080902001e-08,1.05428875911074e-06,7.14507930873245e-15
4.36625838774388e-08,0.999999749091743,1.80403766368661e-10,2.54450980317563e-08,1.81620171271808e-07,4.06719599571428e-16
3.90155938348861e-08,0.999999722572725,5.46839412082771e-12,2.48868758895207e-08,2.13519336649796e-07,6.95478175285793e-17
2.02613091863516e-08,0.999999141771993,4.16300622703055e-13,3.51658894660455e-08,8.0280039121309e-07,3.15340928201681e-16
6.23329799107624e-09,0.999995678463247,4.19921547321354e-14,5.5163354386242e-08,4.26014003016239e-06,2.82448050704683e-14
5.74550152259036e-10,0.999981300970325,2.02828432821626e-15,8.67616042400614e-08,1.86116912232756e-05,2.29505178900247e-12
3.31058041927449e-12,0.999962585752798,3.37932717692587e-17,4.70137979652578e-08,3.73672253048321e-05,4.78837130599415e-12
2.23451029583684e-15,0.999978205411444,1.8782984475816e-18,1.57917050824499e-09,2.17930092523045e-05,1.31602474516686e-13
1.34839633101703e-17,0.999996613627805,2.4962834199121e-17,2.45181601762984e-12,3.38636974247151e-06,7.62415358812689e-16
2.74935883930873e-17,0.999999712332643,5.17808036237248e-13,2.32986499605514e-15,2.87666837273478e-07,1.39858300108422e-17
5.69247674916243e-14,0.999870415817198,0.000128823601911973,8.98933010368863e-16,7.60580832678866e-07,5.0032255496874e-18
5.42665628969739e-13,0.442164544118537,0.55783502507462,2.0867387962934e-14,4.30806279051762e-07,3.16585636772093e-20
7.04358641311465e-15,0.0193545883122198,0.980645270384117,5.30240202649667e-11,1.41250631868719e-07,1.83966709986137e-24
6.24124282114149e-15,0.00136090266588157,0.99708796126791,0.00154815540869196,2.98065750990949e-06,2.12230878453673e-27
4.54503873888953e-16,1.40116253119073e-06,0.0463927097566094,0.953604199937316,1.68914354277626e-06,4.31732980524817e-31
3.80591878462298e-18,1.11059671156607e-10,8.21237542556182e-06,0.999991781512495,6.001019576806e-09,2.69095037834169e-35
3.36212714239776e-18,1.21263121250826e-12,4.30735986625838e-09,0.999999995480026,2.11400907355872e-10,6.06827683478088e-36
1.47911795642958e-17,6.45970035966958e-14,4.11663550930358e-10,0.999999999560425,2.7847196136004e-11,1.8322441616765e-34
2.47824016192329e-17,1.41641268464228e-14,1.49977029247706e-10,0.999999999824822,2.51863719019527e-11,7.02029913701136e-32
3.47820220675588e-17,3.26001322613124e-14,6.59372449842378e-11,0.999999999796514,1.37516170997478e-10,1.4170644647123e-28
6.63982935246485e-17,5.40348690649086e-13,6.34111249741366e-12,0.999999999081046,9.12072717845727e-10,4.16145120117538e-25
2.00155633123141e-16,9.36636757577216e-12,2.25284549922857e-13,0.999999998001177,1.98923091712395e-09,2.63401605692893e-22
1.7616792141389e-15,4.52792477145822e-11,5.72458016994565e-14,0.999999996896042,3.05861974807166e-09,1.45464173950913e-20
8.83490178989626e-14,1.36476233481493e-10,8.85087076101022e-13,0.999999926704798,7.31577527991582e-08,2.70657674096972e-19
1.5984909121838e-10,2.78979092515001e-08,7.18157160066505e-10,0.998258761327918,0.00174120989616654,3.23960443182658e-16
2.05940343195871e-08,6.11777185586109e-07,1.48690175180616e-07,0.361823998133983,0.638175220804569,5.21335855750929e-14
1.50978103436339e-09,2.45358836209336e-08,1.03618004790177e-08,0.000111973534911496,0.999887990057607,1.59832010476985e-14
1.20060264473373e-11,2.47995104813452e-10,1.37494301300595e-10,1.23898833275998e-10,0.999999999478605,6.73990041472225e-16
1.11759326963852e-12,2.05278089010553e-11,4.51623930632398e-12,2.31753055974291e-13,0.999999999973606,7.01375338218719e-16
3.55752477501684e-14,5.39506207174518e-12,4.84796222860186e-14,2.80627496153309e-14,0.999999999994491,1.70181572273099e-15
1.89885416366599e-16,1.0753800273828e-11,1.14793401324211e-16,3.05165820044106e-13,0.999999999988939,2.11390585143151e-15
9.37222645670479e-19,3.80988735712794e-09,4.84479930657327e-19,2.65452905071137e-11,0.999999996163567,4.54369557121167e-16
1.9211784968015e-18,0.00273619617949555,2.02298186573763e-18,1.85417620859917e-08,0.997263785278739,3.48361209930257e-15
1.52534569063525e-18,0.986040164869626,2.78903936121146e-19,8.56088135167651e-09,0.0139598265694922,8.97047526542641e-16
8.60011626447539e-20,0.999999952167838,1.57673656507583e-22,3.12634884276617e-12,4.78290352696195e-08,7.0782594886466e-17
5.38962009880477e-18,0.999999999922798,1.71164789600106e-22,3.42290774297139e-12,7.37411538700258e-11,3.78133219329582e-14
1.8082373775036e-15,0.999999999302602,3.71711397325494e-20,9.9512627474539e-11,5.39803136176048e-10,5.80807165846736e-11
3.70084611224083e-14,0.999999988280043,8.95851616517711e-17,8.40751830614986e-10,1.03494789074418e-08,5.29689194676817e-10
1.97891595238415e-15,0.999999969312005,3.3120370344184e-14,2.06264195873855e-09,2.86211325700959e-08,4.18487938580286e-12
5.12225635443511e-19,0.999999963083731,1.1056209130724e-13,1.54335556052645e-08,2.14826023104915e-08,3.29554641094669e-16
1.48697439610488e-22,0.99999956122553,5.52067422092527e-15,4.06689836201284e-07,3.20846283311879e-08,1.77205751168065e-20
3.60110074072096e-23,0.999997745612737,3.06951625845546e-17,2.12701585508104e-06,1.27371407591894e-07,1.37709784887101e-23
1.03140631787962e-20,0.9999994462338,3.12188648909178e-20,1.80391086387304e-07,3.73375113792166e-07,1.20367492632966e-25
3.75332338790331e-19,0.999999652443977,2.08449697979134e-24,1.67965668397631e-10,3.47388057301266e-07,4.05625241449338e-28
3.09321276626451e-23,0.999999910962349,1.42847810090983e-29,3.49107531781831e-15,8.90376473902769e-08,3.06338794445002e-32
5.00452813902054e-33,0.999999997034754,3.19530919698625e-34,4.45968386995481e-21,2.96524635186403e-09,3.88588045259925e-37
1.18677944564321e-42,0.999999999996057,1.36476872524145e-36,6.54148157344443e-27,3.94298190111416e-12,4.89454136593675e-40
2.0375244458967e-45,1,3.79842946674212e-36,1.64069793211725e-30,2.66016276568946e-16,6.4835093689671e-39
7.0602760703479e-40,1,7.63269025150993e-34,1.90515563710832e-30,6.60490324786361e-21,1.08703028925244e-34
1.44851921771064e-30,1,3.12726082124768e-31,1.03178248243336e-27,3.19061141083176e-25,2.10548923048371e-30
1.26914895617531e-23,1,1.57498866280342e-29,4.73146990559368e-25,4.43175446808335e-29,1.96095484457646e-28
2.71121919853173e-22,1,5.5592721345691e-29,2.98458529918144e-24,6.49267102545966e-32,9.66741162556897e-29
2.22589945859948e-25,1,1.96159733828102e-28,1.94620036523588e-24,5.13809143555325e-32,2.84560604325404e-29
1.5204054822866e-28,1,5.91166148622663e-26,2.90198704264619e-23,8.03229037961234e-28,1.01915059431933e-27
9.95058447319282e-28,1,7.14480532909175e-21,1.2362043515032e-19,2.86571305557116e-20,1.17047774485298e-23
6.19262775981244e-23,0.999999999999686,2.67568669890077e-15,4.38459682445104e-15,3.0699527053239e-13,8.74850210012713e-20
1.05988735013825e-18,0.999999999942635,8.25843247867396e-13,1.13798596701254e-12,5.54014219262286e-11,2.70110925783961e-20
9.23414737715577e-20,0.999999999999975,3.32967649817701e-15,1.38361570697402e-14,7.53682866567146e-15,6.76099825294531e-27
2.48828149530936e-26,1,6.72693516754049e-21,1.99264235620667e-20,2.45139480411785e-22,1.37164498381097e-36
2.2954873737434e-34,1,1.56128608775766e-26,3.1003969894555e-27,5.21817210365265e-29,4.13740096044298e-44
1.23048615092757e-39,1,1.22444299078719e-29,2.66036278395153e-31,2.27875580127146e-31,4.23589990021321e-46
2.89263070368871e-40,1,1.05272610624669e-29,1.3803574982201e-30,1.28792338442983e-28,2.47982254122485e-42
3.30316569845999e-36,1,1.84484478560539e-27,7.6198747524815e-26,1.71863316601362e-22,3.29457197349588e-34
1.24554740282677e-28,0.999999999999999,8.0072891372988e-24,1.67353928299538e-19,1.08326490375744e-15,5.46920451680363e-24
6.91511993891646e-20,0.999999993251991,2.91986946876411e-19,2.75554170712945e-13,6.74772791830756e-09,6.12205424379861e-15
4.59235364612545e-12,0.993468243234179,5.5399832300108e-13,7.58626874456027e-07,0.00653099457581272,3.5579872427207e-09
3.21667723929925e-10,0.180975031525414,2.7723719556333e-09,0.000239905022844978,0.818785060306873,5.08275212368337e-11
6.30561982810907e-12,0.000411457241803111,1.73832263765448e-08,3.19348491506791e-05,0.999556590519514,2.3803981410455e-17
2.3540168012116e-13,1.10398818869053e-07,1.17742673054674e-08,1.12747362405842e-06,0.999998750353054,8.86734144281732e-23
5.80099182222027e-13,2.32527535494036e-08,8.51597028522762e-08,3.09476378013643e-07,0.999999582110586,1.23807775972313e-23
3.57406315762926e-15,4.66783573818471e-08,5.8500812677883e-07,5.31352960886908e-08,0.999999315178216,8.4792602911578e-23
4.91863866956568e-21,1.77198924970933e-07,7.77089519974744e-07,7.38158691378601e-10,0.999999044973396,5.87812049795681e-22
8.71498458567281e-28,5.96847074111473e-07,2.76944905626728e-08,1.85636638333812e-12,0.999999375456579,3.79524022264947e-21
1.42116292998406e-31,1.45498230082432e-06,3.02553328283717e-11,6.44718862874374e-14,0.999998544987379,1.90432879447216e-19
4.79660985986583e-31,2.77469353973959e-06,2.12985728332659e-14,5.54668682758023e-13,0.999997225305884,8.33617429084598e-17
8.51320873442888e-28,3.95071121311722e-06,4.60663665390514e-16,9.7427793136436e-11,0.999996049191345,1.36763967281018e-14
3.63432719941714e-24,3.76559596938892e-06,1.99659609077439e-15,3.29913406520414e-09,0.999996231104858,3.64264823565892e-14
1.82392055020972e-21,2.72314172861871e-06,6.67452588182934e-13,7.73471124434638e-09,0.99999726912289,3.18261247011249e-15
8.11675732520522e-20,2.01257614066322e-06,1.21724977885446e-09,1.70493796666556e-08,0.999997969157229,5.69162664560329e-16
1.14824137166326e-18,1.77589776990917e-06,4.97449829643904e-07,1.21312159148973e-07,0.999997605340237,4.62111993472073e-15
2.52757033943346e-17,1.87283115276555e-06,2.13080588932286e-06,3.69679986428904e-07,0.999995626682455,5.15962140450016e-13
1.37016711384386e-15,2.30159944897968e-06,2.29206138121581e-08,9.31885369398518e-08,0.999997582273368,1.80304984690937e-11
4.7865277026197e-14,2.432824022446e-06,4.34672794495897e-12,1.02643383988534e-08,0.999997556886703,2.05420741627177e-11
2.08517266693188e-13,1.14855705617453e-06,1.86236206336361e-15,1.01990625461272e-08,0.999998841242065,1.60562520919133e-12
9.03542590538238e-13,5.24984897635478e-07,2.02913401501531e-15,1.37321745379156e-05,0.999985742839514,1.44362238499138e-13
6.70302104443334e-11,2.44911819525452e-06,6.35184157397689e-13,0.0471510221771068,0.952846528636844,1.88290716159133e-13
1.2808322480815e-09,7.46288900536677e-07,8.2848235314495e-12,0.958263680435964,0.0417355719860043,1.43695352826895e-14
1.28720940516243e-09,4.63403704956674e-09,6.06697951738787e-14,0.999997188956954,2.80512173838485e-06,8.56916718484608e-17
6.00326147868829e-10,3.46769409496726e-11,1.14802934754326e-17,0.999999999280035,8.49618624575941e-11,2.00493588524902e-17
2.1953030621401e-12,5.72507422220919e-14,1.16968951757529e-22,0.999999999996911,8.36030994843719e-13,1.23125913626701e-17
6.19790238694127e-16,9.4421837466358e-17,3.35625322755567e-28,0.999999999999465,5.344522732999e-13,8.57699919942311e-18
2.30707977522961e-17,6.64893862543689e-17,3.52346127362401e-31,0.999999999951807,4.81929779399161e-11,9.08747773913699e-17
6.56173245303134e-15,5.30626498799656e-12,5.01934683879672e-29,0.999999899745766,1.00248865771511e-07,5.5697404290998e-14
4.24127149315603e-09,0.00186270118632145,3.03160800289845e-21,0.997527354937251,0.000609937671864265,1.96329133499318e-09
4.30712188878682e-07,0.988046214439642,8.83845279046824e-15,0.0119449533798008,8.40145519264136e-06,1.31663246108667e-11
5.93364248394092e-08,0.999996198151818,2.15596008243353e-09,3.74003155761066e-06,3.24239083482513e-10,1.6040073210335e-18
2.19937241899072e-05,0.989203792038621,0.0107734114136091,8.00023665619715e-07,2.79991396968785e-09,9.07181038202881e-23
5.16932465694326e-06,0.0201585266027491,0.979836294684577,5.53710508551508e-09,3.85091145147538e-09,2.59822876978789e-28
1.31417965425202e-09,2.02809744524708e-06,0.999997970519656,1.3947492255733e-13,6.85798658061297e-11,6.86385634676269e-34
5.74019746901436e-13,2.03321137765196e-09,0.999999997929686,1.35509215972308e-16,3.65289267484438e-11,1.69132924794883e-35
1.31496327869693e-15,5.08909169746787e-10,0.999999999299336,1.8789464203475e-16,1.91753591430994e-10,1.05802675879469e-34
2.47385030657046e-16,1.02467656723946e-09,0.999999915121491,1.91557082744726e-12,8.38519166523217e-08,1.49185243526466e-32
9.0081618796387e-14,1.34924771329779e-07,0.998566677248567,0.000606851012983294,0.00082633681358832,5.53382742470863e-29
4.53570327112994e-14,8.92672673072645e-07,0.00475977772992189,0.992120604326885,0.00311872527047435,6.63923338944305e-29
3.92026172501415e-18,4.1959260458439e-08,2.58389460085981e-09,0.999989835698118,1.01197587273223e-05,4.15103199822249e-32
3.27587745707879e-20,1.71591482103006e-08,6.31692331451173e-13,0.999999980037064,2.80315641260934e-09,7.15550062292524e-33
2.24262089283662e-22,1.23065580502008e-09,2.94495661707208e-15,0.999999998757709,1.16325505764167e-11,1.73509034211527e-32
2.95688481677473e-24,6.23992863967308e-11,2.24619157672334e-17,0.999999999932991,4.61006510810683e-12,8.17487945824554e-31
1.98466691505074e-24,7.6032480170153e-11,2.03676398160338e-18,0.999999999237361,6.86606249425693e-10,1.36119942737508e-27
3.96247383621803e-22,5.88484650243525e-09,2.68383816740943e-17,0.99999405463034,5.93948481308813e-06,1.871807384153e-23
4.11154546404406e-18,1.09948479421085e-06,3.89350393037994e-14,0.998823896478268,0.00117500403689907,3.21578459539543e-20
6.57986739586943e-14,5.27003073458959e-06,9.99183080817012e-11,0.99947423936967,0.000520490499610873,6.43665765338357e-20
7.01197560170599e-11,5.36028977811456e-08,1.20489706352176e-09,0.999999919615237,2.55068484386876e-08,4.09384851327033e-24
7.53941417584861e-10,6.79422191917771e-12,1.06865268630383e-11,0.999999999228565,1.30091607390585e-14,4.88050665330319e-33
2.91216440959402e-11,1.76274771591814e-15,5.35301399378139e-15,0.999999999970871,3.33799550882023e-19,9.29156758770389e-45
7.6642359102994e-15,9.3830808353776e-17,2.07930168523334e-16,0.999999999999992,1.56147408606779e-19,7.89325227733327e-55
4.52854921436128e-19,3.30653375802872e-15,1.23477375851907e-14,0.999999999999983,1.11807485330046e-15,5.86998822626324e-58
9.85008791207901e-22,4.12123915945605e-12,3.20371647379912e-12,0.999999999864084,1.28590520648811e-10,1.51627733759315e-51
2.02776114105324e-21,1.85703622149572e-09,1.59388468979094e-13,0.999999904662547,9.34802574266298e-08,5.41241256992808e-38
1.57965659591588e-18,1.59296201005596e-08,4.63573448939596e-20,0.999999953472885,3.059749469047e-08,2.89983559928463e-23
9.49418471073866e-15,3.11558731945123e-09,2.87871323256477e-28,0.999999996726181,1.57657690595026e-10,5.64386462501622e-13
1.21791001049881e-11,1.53582680963139e-10,1.29026351660768e-32,0.999999997391075,3.79910618303047e-12,2.43936367139857e-09
1.31214672836017e-09,3.63836498060434e-11,1.24349713232427e-30,0.999999998524,1.30180145071321e-11,1.14451471802156e-10
6.75817524065724e-08,6.0196291711366e-10,3.48050720513235e-24,0.999999861777033,7.00385663591979e-08,6.85036380299205e-13
5.33178620810558e-05,1.09252837610477e-05,2.82052471255235e-16,0.988682080690155,0.0112536761553155,8.68744803160364e-12
0.000275461420695395,0.00219305570920349,2.17804014314761e-11,0.135514787038202,0.862016695714332,9.57869589604496e-11
8.99580095094486e-07,0.00118737195092913,3.59030764338726e-11,0.00110572594374882,0.997706002452846,3.64776304377636e-11
1.01653005887664e-11,2.84065242086249e-05,1.02208533844568e-14,6.13123770114709e-06,0.999965462225989,1.92544996609078e-12
4.43597099956503e-18,2.64500768172831e-08,8.87853689706599e-22,6.70974057292647e-07,0.999999302575773,9.23056918032496e-14
5.19662526437768e-23,6.61139646667858e-10,1.63225930754055e-28,7.14063245040343e-08,0.99999992793243,1.0582915968582e-13
4.46949542928523e-23,3.18101437609726e-09,6.22969251155066e-30,2.01384523839815e-08,0.999999976672196,8.33733388490834e-12
2.58912486538196e-18,4.78896930711109e-07,9.20938326108562e-25,4.60314442349649e-08,0.999999474120665,9.50960407414299e-10
2.12464126090778e-12,2.13719590543211e-05,1.54982388622517e-16,2.18596690403123e-07,0.999978407779621,1.66250986775648e-09
7.14952736822452e-09,2.35892190090767e-05,6.82408876891312e-10,4.01489500223885e-07,0.999976001438789,2.07652531177855e-11
3.15303741670311e-08,2.7877300365508e-06,8.67975991406725e-07,3.89713498622233e-07,0.999995923050067,3.17570789798291e-14
7.88102200926271e-09,7.69467620981558e-07,2.47152096618196e-06,6.56418488930646e-07,0.999996094711902,2.58523238803086e-16
2.40586782038909e-09,2.40907209451869e-06,5.07814160994123e-07,1.91949831329183e-06,0.999995161209563,1.45564353044511e-16
1.64140760543883e-09,2.72142730455504e-05,3.67825448000504e-08,4.60366932685013e-06,0.99996814363367,5.27801696964222e-15
1.9235888829784e-09,0.000128476231857593,1.6952468971401e-09,8.43392769557488e-06,0.99986308622093,6.81071074464591e-13
3.03771308917188e-09,0.000182882846782089,1.49152939379508e-10,1.49999434243942e-05,0.999802114012253,1.06748118471359e-11
4.47729633225322e-09,0.000174222859252745,7.52777683593687e-11,1.76854221771408e-05,0.999808087156857,9.13899863052046e-12
4.70480227837555e-09,0.000179390654940609,1.655829450242e-10,9.25639040143999e-06,0.999811348081516,2.75732745107493e-12
2.98997267659889e-09,0.000182309007177053,2.87855080160688e-10,3.45644403639655e-06,0.999814231269057,1.90137491261331e-12
6.69666874863635e-10,0.000193149865773935,6.00858781455267e-11,2.08178235212208e-06,0.999804767617276,4.84558689044652e-12
3.27465084475637e-11,0.000326668700891757,7.29791502523237e-13,2.27510517212039e-06,0.999671056116544,4.39154056631701e-11
8.76805615994854e-13,0.000746193387461656,2.17215016259311e-15,3.06166760741952e-06,0.999250743928778,1.0152744392669e-09
1.4279030992277e-13,0.00138367731929443,6.10632842805535e-17,4.37593326621988e-06,0.998611934328333,1.24189636436208e-08
9.05276729759998e-13,0.00218476363155591,5.46330770334103e-16,7.4221555950835e-06,0.99780780604435,8.16759265495775e-09
1.15200314162628e-10,0.00436928722603889,1.39152784363724e-12,1.84024159180113e-05,0.995612310092562,1.48889042507844e-10
2.64880553843849e-07,0.0133680470220314,3.37878141779569e-07,0.000305724893141386,0.986325625322411,3.72053042963508e-12
