0.999530012425159,0.00010547522975472,3.40084265176888e-05,0.000330463020150931,4.08980540039215e-08,3.6400575122757e-13
0.979629214498316,0.0201827654898503,2.08600615507434e-05,0.000167155424586892,4.38284538803762e-09,1.4285122766276e-10
0.0168918333133615,0.983041869755675,2.70530673398031e-05,3.9243843586563e-05,2.9586449542906e-13,1.97412441229234e-11
2.2788533999511e-05,0.999975975286692,6.19994491299229e-07,6.16179514052779e-07,3.21664563760749e-15,5.29949883778292e-12
1.64356523039276e-06,0.999996535424188,1.44190354642745e-07,1.67660116772538e-06,9.18021286850436e-12,2.0987899286444e-10
1.41711062556399e-08,0.999998477074038,4.15711655629441e-09,1.50452271428868e-06,7.49893225722689e-11,3.60850140818355e-14
2.32235962058762e-12,0.999999878168401,2.07401850587813e-10,1.2162184272161e-07,3.21476087785969e-14,6.47596182726623e-23
6.11558144267798e-14,0.999999966794872,4.98483234986523e-10,3.27065830014299e-08,1.50234649752208e-16,9.09555929208141e-29
1.53933131668929e-11,0.999999795852179,2.40135617755974e-09,2.01731059580986e-07,1.21391327608954e-14,2.77669618705744e-27
1.30915816962305e-05,0.999950695112643,1.04064819734284e-09,3.62121302004717e-05,1.34811945259198e-10,1.1304719897996e-21
0.0875384870839335,0.911283117787946,1.08658078670015e-10,0.00117836770658769,2.7312874341308e-08,5.80477835928926e-17
0.848732491828609,0.149937506790285,7.04231795667507e-11,0.00132999009529231,1.12153896974618e-08,1.02158894378711e-15
0.998670107803471,0.00108782028511612,2.90519239958638e-09,0.000242068086934857,9.19285621998524e-10,1.87739178146725e-16
0.999920325731796,6.91510437432926e-07,5.62762164044705e-07,7.84198616882271e-05,1.33914670732931e-10,1.60540900662106e-17
0.999882981045033,3.6727379189193e-08,1.34992013534116e-05,0.000103482954345075,7.1889298599839e-11,3.08142524300884e-18
0.999903412853969,4.77220636572628e-09,1.48193035648389e-05,8.17628381516125e-05,2.32108416533434e-10,5.53221547257985e-18
0.9999750411675,3.31284175410694e-10,1.28902076041555e-05,1.20332809441668e-05,3.50126663992221e-08,1.25528477058728e-15
0.999944300338208,3.56433586652205e-11,3.32724892751502e-05,4.01283059314325e-07,2.20258454924446e-05,8.32119479257848e-12
0.999756117030122,2.31743584057631e-11,4.80876746979714e-05,1.26855662345406e-08,0.000195774522807869,8.06363116957915e-09
0.999975546156058,4.33692675575675e-11,4.13921252043883e-06,1.38078722017176e-09,2.02939248296958e-05,1.92824349248693e-08
0.999999174145896,4.00272688138774e-11,2.34510894128146e-08,1.22766511952374e-09,8.01029414036184e-07,1.05907995212595e-10
0.999998147417016,3.51698344343161e-11,5.02358247742428e-10,3.7310970490948e-07,1.47893568015658e-06,7.08147706069661e-14
0.981952884892333,2.77918699869424e-09,1.82348763622956e-08,0.0179579537964247,8.91402971782736e-05,5.03689962065203e-16
0.00305872178769178,1.47270802637999e-09,2.09835135796933e-08,0.996941233638479,2.21176080580413e-08,1.55775635596259e-21
1.83299362845545e-09,5.95304529054003e-13,7.22073119816611e-11,0.999999998094204,1.20636462142621e-16,2.27492348236976e-29
2.60791483176989e-11,6.90226476375283e-14,1.47185012590027e-11,0.999999999959133,5.30355443412297e-21,8.56955647706854e-32
1.29019253406619e-07,9.29428071839428e-13,5.30129514755999e-11,0.999999870926804,9.88277238046182e-20,2.00855037267642e-29
0.039510508831225,2.40034931353731e-09,1.70796999652654e-08,0.96048947168865,7.54272270467577e-14,1.92348783639664e-23
0.982423163541618,1.20554338197741e-08,1.35872174906118e-08,0.0175768107949735,2.07575712251095e-11,1.78351008207513e-20
0.999861072334402,4.57495068087153e-09,8.83785980791467e-10,0.000138922205952788,9.08410251209615e-13,3.64292875343014e-20
0.999853904550053,1.10776994681126e-08,2.40295862846946e-09,0.000146081969267242,2.13451450379147e-14,2.69417785880929e-20
0.999737563514888,6.09663964461692e-09,9.17485124496723e-09,0.000262421213620209,7.26171258912573e-16,9.7191264549111e-21
0.999989136210804,2.00091210410635e-09,7.35884855835729e-08,1.07881997968243e-05,1.48449479517494e-15,5.74956707303976e-20
0.999998715184029,1.01332912723666e-09,1.20921154052437e-06,7.45907053818561e-08,3.96097265455978e-13,1.36489268452064e-17
0.999993466795283,3.77945689843749e-10,6.52842140597153e-06,3.94800105795856e-09,4.57354663829951e-10,9.33720506175213e-15
0.999994527811618,1.05703547391675e-10,5.38261025478293e-06,3.45100735228623e-09,8.60194369424841e-08,1.97925958451025e-12
0.999992396946977,2.19387283856605e-10,5.04751363492872e-06,2.38738413582052e-08,2.53128521057542e-06,1.60948987420031e-10
0.999971204328183,5.57989322310991e-09,2.37426586582256e-05,6.13705271666676e-07,4.43257475318262e-06,1.15324071583026e-09
0.999942619307959,8.62158881516705e-09,4.36319766193852e-05,1.37392163892459e-05,8.7612272116958e-10,1.32085478387751e-12
0.999977485976495,1.45738653993684e-12,6.63987813063596e-07,2.18500342345878e-05,1.32627724001728e-19,1.5685810042018e-21
0.999999063237865,3.1091753217446e-19,1.24614762000651e-10,9.36637520315118e-07,6.37597327380554e-32,7.65159802746963e-34
0.999999983476053,1.13946031438982e-23,9.33213887717032e-14,1.65238536007033e-08,3.90417787846932e-38,1.90843792480354e-42
0.999999993240104,5.37291936032197e-22,3.51791894351921e-14,6.75986077092875e-09,5.95542925689856e-33,1.61877127769025e-41
0.999999891749181,3.71806334059776e-16,3.02355995112681e-12,1.08247794404024e-07,1.4341068359989e-20,1.48987568323083e-31
0.999997657736209,9.06085089252711e-12,7.11321827302606e-10,2.34137432593208e-06,1.69082375853032e-10,5.51486794192985e-18
0.999453781728649,9.93791154981333e-11,3.60161196038255e-07,1.85140332040619e-05,7.54969694395002e-07,0.000526589007877668
0.000199254780005586,3.37201750549466e-17,1.39062250568042e-09,2.95872594440984e-10,1.74656299014798e-12,0.999800743531753
9.10592617360863e-12,8.88038292638834e-24,1.69545704102601e-13,3.74345017662443e-17,4.27994413784965e-18,0.999999999990725
7.39720921450433e-15,4.66004866538847e-24,7.19292881568109e-14,3.42139894323584e-21,1.17491977459741e-17,0.999999999999921
1.35773310574049e-16,5.64988689421295e-21,6.77247339302467e-13,3.53018103522883e-23,3.96538099768578e-14,0.999999999999283
3.83117641334359e-16,1.20829648035061e-16,2.18598285414799e-10,1.06020390363527e-21,1.68844350453409e-08,0.999999982896966
2.68608982261077e-12,1.09021981289197e-11,1.16660026468696e-05,1.21291891767737e-15,0.0166592067883734,0.98332912719539
1.33142160161266e-09,1.33953535166844e-10,0.000319247816664139,1.72151517340754e-11,0.991802293942699,0.0078784567580464
8.75006685261575e-09,1.11964007648469e-12,6.03486142535039e-06,6.01312100845798e-11,0.999993907802156,4.85251012785898e-08
1.22791596849289e-07,2.24563904996053e-13,3.90910862248493e-07,3.15032453913275e-11,0.999999486228047,3.77663069291616e-11
5.32296405498454e-06,4.8990959553536e-14,1.01825207537986e-07,1.32012808674396e-12,0.999994575205618,3.75046287371057e-12
0.00459634524037808,1.54652298581639e-13,1.73001110301475e-06,2.5869176551318e-12,0.995401924732154,1.36228619919221e-11
0.369666534309879,4.0811233781857e-13,3.77362588689607e-05,3.01752203470259e-11,0.630295729183683,2.16985931472425e-10
0.957410865648122,6.51526375943935e-13,7.45860824403451e-05,5.14253755209946e-10,0.0425145457921176,1.96241522574482e-09
0.991749515151098,1.5154382101663e-11,0.000269003548073137,8.52447131967881e-08,0.00777344422390674,0.00020795181705435
0.198908719249741,2.33402591091128e-12,9.87582928863861e-06,3.16613359102035e-06,6.99982822745068e-05,0.801008240502771
3.09991092615022e-06,1.79510583660769e-19,8.46078492239056e-14,9.58755734379482e-10,6.73577771583547e-11,0.999996899062876
1.45739833769691e-11,2.65988724492928e-26,1.01388736255129e-22,3.70464590513471e-13,4.33785851396029e-16,0.999999999985055
6.37914437802141e-13,4.52433982969124e-29,8.60535327942019e-28,3.02411716612072e-14,8.01510341458663e-19,0.999999999999332
4.01474788424616e-13,2.45050305196866e-27,1.20195176829155e-26,3.44624043208781e-12,3.85492311573584e-19,0.999999999996152
4.20526250044242e-10,1.31082024634781e-20,4.76444525129582e-17,0.000637496647356888,5.59346563889791e-17,0.999362502932117
5.89263472725491e-11,1.72495665832805e-18,7.25851511227167e-11,0.999999019848915,7.60222326339955e-24,9.8001957319688e-07
3.2116072676738e-15,5.69174851142757e-23,5.09925189530846e-12,0.999999999994898,2.94111829784093e-39,1.85051579013145e-21
2.98280254475227e-17,1.58765998466179e-25,1.62461333072479e-15,0.999999999999998,4.62719430152189e-50,4.94461611520013e-31
8.19448070434762e-18,1.30433974023706e-25,5.04765807517686e-20,1,1.00740968740683e-51,5.63133066783415e-35
5.5392907324906e-17,2.01830741146818e-22,2.83675468645181e-22,1,6.0205363640387e-44,5.30128488517717e-33
6.11173451788465e-15,1.77589112854789e-17,1.89376339919319e-20,0.999999999999994,5.92943683516565e-33,9.97684225707596e-29
3.23410237782961e-12,2.86061085873698e-13,2.21514693173336e-15,0.999999999996478,1.01494404673881e-25,1.08905008479473e-26
6.98127469966724e-10,2.26070468524722e-11,1.31752086190604e-10,0.999999999147513,2.56528936040546e-24,2.30125993829427e-29
4.76019875428154e-09,6.38799698822341e-12,1.78571195187083e-10,0.999999995054842,6.15134341684751e-26,1.58611371318937e-36
6.48735764507252e-10,2.35467416816559e-14,1.7102419008836e-16,0.99999999935124,3.35072987668111e-27,6.18758327875998e-46
1.84798664691898e-11,6.37259257811247e-18,3.29309472321182e-25,0.99999999998152,3.29934881789373e-27,4.64399985268241e-54
2.71537228769351e-12,1.79088211479578e-21,1.04449079294783e-30,0.999999999997285,1.07486477815076e-26,2.17346993017174e-57
1.07601665914537e-11,2.05416035286771e-23,1.07369329769387e-29,0.99999999998924,9.74406721568645e-26,1.71501946535134e-54
8.42639053976202e-10,1.72417020823109e-22,9.31157362278139e-24,0.999999999157361,2.17087741205223e-23,5.65309284197764e-47
3.30716616834709e-07,7.84194668646339e-19,5.84534661421969e-17,0.999999669283383,2.07052678092772e-19,3.48819060648286e-38
5.61836989434556e-05,3.35189400620176e-14,2.24003263264231e-12,0.999943816298781,1.96816016513036e-15,2.62419837578648e-31
0.000119888597770188,5.1258807053522e-11,5.12561350394709e-11,0.999880111299636,7.91360223296969e-14,1.19458482854986e-28
2.81577550761012e-07,9.43618099315321e-11,1.52305988168625e-12,0.999999718326563,1.68001407022919e-15,2.75659483353386e-31
1.69193321979314e-12,6.54557292426825e-13,1.02831834618907e-15,0.999999999997652,4.45878928582235e-19,6.99443682566072e-38
5.6472413877871e-18,2.13309189771921e-15,1.71279147595974e-18,0.999999999999998,3.73673511212149e-22,3.61041317723208e-44
3.54877730356706e-21,3.6899100544539e-16,6.08105909814223e-19,1,4.30702015964093e-23,2.25824701774996e-45
8.63464522707093e-21,1.27277768304561e-14,1.87839121664339e-16,0.999999999999987,1.2497009143162e-21,7.09206105634988e-40
3.69290263379761e-17,8.31825166234182e-12,4.66983397310186e-12,0.999999999987012,2.45823452813859e-18,2.55829403999289e-30
3.12302327482613e-11,3.42739735378904e-09,3.96196676959466e-07,0.999999600344641,5.46641289620025e-14,4.81194036503697e-21
0.00241300085254846,2.76830743089244e-06,0.00202749032884613,0.995556715143622,2.53675123387347e-08,4.04565136299758e-14
0.964425381272687,1.09911342349605e-07,0.000306499529075436,0.0352657674957066,2.24179066164379e-06,5.26924339499881e-13
0.999990096989603,4.54358433557124e-11,3.65525308267424e-08,9.80036461578103e-06,6.60478130656102e-08,2.03008401392632e-15
0.999999945647776,5.0920621468631e-12,9.77811957165828e-10,4.18010090369153e-08,1.15683106521313e-08,2.65002986755975e-16
0.999999985347385,5.52266052800646e-12,2.45623506205041e-09,8.89879733799072e-09,3.29205989191474e-09,4.10364798914081e-16
0.999999949195989,5.64554143138945e-12,4.79862256821629e-08,1.49156160900357e-09,1.32057557636002e-09,3.0319330033004e-15
0.999998996911151,4.00241888467612e-12,1.00162962719718e-06,4.90353791867829e-10,9.64795624939356e-10,6.9640347781766e-14
0.999996477551045,5.32493694745828e-12,3.52064630999044e-06,7.35627267509082e-10,1.05787067009847e-09,3.82239184519233e-12
0.999999610865939,2.21880100519016e-11,3.84750138730539e-07,2.63398754009761e-09,1.56703179328732e-09,1.60714840791554e-10
0.999999989687177,1.90758526009113e-10,1.00403313672576e-09,5.23364130629744e-09,3.15367149827232e-09,7.3071829706658e-10
0.999999987978735,2.7375831422056e-09,1.02067818009555e-12,3.97957350207473e-09,5.18557459388236e-09,1.17513262923328e-10
0.999999934026332,5.97397226002813e-08,2.86235766989778e-14,4.38698566819733e-09,1.84565645713416e-09,1.27487492417845e-12
0.999999671792526,3.04658443995671e-07,7.82473534118467e-14,2.35261910297896e-08,2.275818929064e-11,2.92578895891372e-15
0.999999786411093,1.12644578084174e-08,6.01896995797152e-13,2.02323845637617e-07,1.9288448251924e-15,2.38715932371321e-18
0.999999823363955,1.22421108696792e-12,2.10165239332732e-13,1.76634610828895e-07,1.19704801419777e-21,2.04109387725407e-21
0.999999994140444,4.44007022844434e-17,6.99821596622786e-15,5.85954883340297e-09,1.91111751963449e-28,3.00438375245811e-23
0.999999999885184,5.12946070602652e-19,3.67397091546952e-15,1.14811888655035e-10,6.70600896656836e-33,9.73648483464201e-23
0.999999999933655,1.80969845661428e-17,7.97210672022755e-13,6.55475504424276e-11,1.63243078847433e-32,3.03599632849622e-20
0.999999994327488,3.41720104478406e-14,3.53744166443587e-09,2.13503672906703e-09,1.59531577987023e-27,1.53008638051359e-17
0.999999480610092,1.32977337915561e-11,3.85799802228653e-07,1.33576807482688e-07,3.01430512365464e-21,2.28844442305221e-16
0.999999559523125,9.15806420042745e-11,2.25766824994432e-08,4.17808611629997e-07,1.48515960912087e-17,2.72498493295753e-17
0.999999931356436,1.93454909283841e-11,1.06618625848105e-11,6.86135569935025e-08,1.32320825420894e-17,1.03371373399189e-19
0.999999982713576,5.09191372882814e-13,2.73373124153538e-14,1.72858874340365e-08,3.66504044684427e-19,2.62279647935103e-22
0.99999974051909,8.77260216978771e-15,3.04146844764076e-14,2.59480871387389e-07,2.31262594855253e-19,1.48652574047411e-23
0.998087765756536,3.31165635947525e-15,4.3791379791237e-11,0.00191223419966961,5.14387922140104e-17,1.44833444797961e-21
0.671541902660181,6.1000493596952e-15,4.50431437815948e-08,0.328458052296669,2.25485331825128e-16,6.52646419324428e-20
0.014064095433553,1.37371122475454e-15,2.69080133202991e-07,0.985935635486312,4.83620869591787e-20,2.43079997236514e-21
2.7228921977952e-07,1.9096739467035e-18,6.73869235301659e-09,0.999999720972088,9.34349880557166e-27,6.57630389414996e-28
9.40210404922205e-13,3.67842326273322e-21,1.71418114049917e-10,0.999999999827642,5.50865123957426e-31,2.12686800915385e-36
2.65131967394949e-16,9.14736580580886e-23,2.31626184654642e-12,0.999999999997684,1.00299178218626e-30,9.6258794448454e-44
2.98523991238504e-16,1.32715488233461e-21,9.34860538955914e-14,0.999999999999906,6.34128634262957e-26,4.31979961509879e-46
2.59057527480332e-12,6.77912358337987e-18,5.94048252285206e-14,0.99999999999735,5.76631237685144e-19,7.40039074078817e-42
4.61788600148087e-07,8.46421106982584e-14,1.08200739614903e-12,0.99999953820859,1.64318808001425e-12,6.02636661225126e-33
0.00132127299471116,6.13303284149473e-10,3.8953203442733e-09,0.998647515375442,3.1207121223462e-05,1.37158464196871e-21
0.00300229517931135,2.50945154565735e-08,3.79275995005959e-06,0.719852695968371,0.277141190996717,1.13579574835405e-12
2.94771796448879e-06,5.70621956886637e-10,1.28024894879778e-06,0.00321636722518484,0.9967794018065,2.43078001157255e-09
2.47332392292048e-09,8.26747587079494e-13,1.12274816364096e-09,1.60765029561202e-07,0.999999834861684,7.76387753219833e-10
6.00396348783676e-09,2.72242752856498e-14,8.33460691856644e-11,9.75806583972152e-10,0.99999999271729,2.19566760076406e-10
3.90515959772714e-08,2.29086032639821e-16,6.18085969136866e-11,1.5120069915741e-11,0.999999960851898,1.95765969272544e-11
2.5774454934183e-08,2.06617778433198e-19,2.28774263440143e-10,2.45448429902498e-14,0.99999997399499,1.75654648369032e-12
2.01764132287927e-09,3.5448201729812e-23,7.40139465977438e-10,9.92338626891884e-18,0.999999997241894,3.25506033473626e-13
1.37266564280818e-10,7.48886779657575e-27,4.64772225910128e-10,2.80845265677167e-20,0.999999999397844,1.17040522590098e-13
2.32454883167132e-11,4.11860123559578e-29,5.77374273948069e-11,8.43410530276305e-21,0.999999999918983,3.39890780471256e-14
6.9005571775718e-12,1.13961516399418e-28,4.84707693396794e-12,1.58482729295894e-19,0.999999999988249,3.49486440240545e-15
3.43573330722642e-12,2.35961051501858e-25,8.14688800498253e-13,1.32113522067842e-17,0.999999999995749,1.94622241159033e-16
6.95786322156625e-12,1.58367959115008e-20,3.5598080466386e-13,1.06466824619035e-15,0.999999999992685,3.39680608104417e-17
5.71269466654033e-11,4.16342005648904e-16,3.28821128577671e-13,1.22817846841101e-13,0.999999999942421,9.32532292041917e-17
2.17150041676538e-10,2.66408531051464e-13,3.57183622896649e-13,2.06035360683806e-11,0.999999999761619,3.7194245204506e-15
4.66651329122282e-11,1.85401945813246e-12,1.50487401301121e-13,1.37182265704162e-09,0.999999998579104,4.03359819546997e-13
2.97626150861224e-12,1.92168212415815e-13,2.76360481732905e-14,5.12715418409255e-07,0.999999487257332,2.4053033345502e-11
3.82306110789097e-11,1.88321000568251e-14,7.63208368846212e-13,0.0114159411489123,0.988584054732609,4.07946609016195e-09
1.11940766770815e-12,7.50185463928246e-19,3.13040179681166e-12,0.99935250044703,0.000647499538050844,1.06691629085786e-11
7.94451357010356e-19,3.92275032049366e-26,5.81594245728854e-13,0.999999999999408,1.03539878857634e-14,1.24346711460021e-20
5.41129714107674e-24,2.78797239853789e-29,1.04207522551742e-12,0.999999999998958,1.59883015510853e-24,2.66968806763063e-29
8.34304042936062e-27,1.85779429062475e-30,2.64413863651437e-15,0.999999999999997,5.42548369931963e-34,2.99368333750808e-38
4.17022709210012e-25,3.03301689180938e-31,1.75678785677374e-21,1,3.3125596417905e-41,5.53891705066321e-47
1.79525559717334e-19,5.27293027692157e-31,9.15166744217317e-28,1,2.65742398025649e-43,2.00767287831334e-53
2.95698994518814e-13,1.83380984150052e-27,1.7646229318467e-29,0.999999999999704,7.74759371333053e-39,5.71323942303604e-54
3.29489304302587e-10,8.72626563409652e-21,1.47354700273904e-25,0.999999999670511,1.0395116985353e-30,2.30810519190124e-47
1.43944261106096e-11,5.83429278555544e-15,2.37170041364088e-19,0.9999999999856,8.73868241696999e-25,1.92770863951972e-37
5.24496194973628e-15,1.34029696116664e-13,8.35660890176788e-15,0.999999999999852,5.4519050531112e-24,1.0345850830149e-29
1.74426690535525e-16,1.70919505935097e-15,8.16576380631571e-13,0.999999999999182,5.77534607566123e-25,2.67591555806262e-25
1.47458635386397e-13,3.79230521121067e-16,1.54990781904127e-11,0.999999999984353,3.31253879109185e-22,1.54434461321753e-20
0.000141180333827594,1.31566642940503e-11,8.4831602579777e-08,0.999858734817091,2.71259793779846e-13,4.05051875660005e-12
0.994468477407154,6.72558831916468e-10,5.1784324686063e-07,0.0055298579140046,4.54251008263861e-07,6.91912027772816e-07
0.999998967894081,1.25291357581711e-12,1.52134529071027e-09,7.11708747319804e-09,1.00372765335989e-06,1.97385801464566e-08
0.999997380069408,3.55788027903925e-14,1.39018545717087e-09,5.16653343146184e-11,2.61848057837461e-06,8.12729253298081e-12
0.999999729252288,9.45458158198652e-15,1.5929071443711e-09,2.12417268706351e-11,2.69133551704535e-07,2.24093797828449e-15
0.999999998807262,3.4229781837204e-14,8.06348777430204e-10,1.80220249379947e-11,3.68333009173596e-10,1.05545962495489e-16
0.9999999996082,2.46780411199493e-13,3.35720623266384e-10,5.58214642826833e-11,1.0849476332597e-14,6.10453418332253e-16
0.999999998623651,5.13619930914302e-13,2.1372650968302e-10,1.16210615871777e-09,7.80392958483064e-20,2.53295684802997e-15
0.999999929607131,1.15473974280018e-13,1.34278726075552e-10,7.0258475377796e-08,7.5022167050114e-25,2.57355136081127e-17
0.999997733687548,8.98859111189676e-16,2.29503233578294e-11,2.26628950078671e-06,1.70261859399067e-29,5.46641099434217e-23
0.999987342762151,2.63474794055677e-19,4.96623866882127e-13,1.26572373525558e-05,2.25982612225363e-32,1.17465197353882e-30
0.99998276560201,2.70553831316838e-22,3.75547434110211e-15,1.72343979866955e-05,5.9571024247055e-31,3.44564619052761e-36
0.999978645222835,8.43396865948427e-22,8.98989372585006e-17,2.13547771652681e-05,4.19573004378461e-25,1.17059363576845e-36
0.999956187415476,1.76016777320319e-17,2.68618945200524e-17,4.38125845236021e-05,1.52116890308286e-19,2.8592187765615e-34
0.999952035643629,6.25854267080161e-13,7.65526673846403e-17,4.79643557448067e-05,4.48632436558258e-20,1.1778670122489e-34
0.999993143863136,5.96461789236623e-12,1.16564687158024e-15,6.85613089818079e-06,6.67853378885631e-27,5.58729853855913e-40
0.999999750441501,3.32170555890382e-14,1.12371990038137e-13,2.49558353215378e-07,1.31795617858594e-33,1.80742819840038e-45
0.999999964152346,5.44547110378141e-16,6.40269690248854e-11,3.57836266308129e-08,1.07726161907596e-33,1.6473884776309e-44
0.999999856420635,8.34376890149996e-15,4.54781727178125e-08,9.81011836764252e-08,6.60398936622379e-27,5.00915875287436e-36
0.999994109976778,1.26322585688346e-11,4.3803845897006e-06,1.50962599994919e-06,3.38204509899171e-18,5.41164096924214e-25
0.999964491579473,6.93539062654335e-09,2.23437460821016e-05,1.31577326738931e-05,6.380916154419e-12,1.3233930343406e-16
0.999956436615411,8.88797504843338e-08,1.77861935328106e-05,2.56767966761329e-05,1.15112791503263e-08,3.35041769100938e-12
0.99996756614488,6.51269806050614e-08,1.26537868620743e-05,1.91536990994715e-05,5.61101472574485e-07,1.40705431489513e-10
0.999962779777538,1.58306271863455e-08,2.12419887168001e-05,1.09609975441409e-05,5.00131602947593e-06,8.95444733531495e-11
0.999933426396772,2.72289859127519e-09,5.27615279476453e-05,6.99438133265608e-06,6.81496951813337e-06,1.53121388405291e-12
0.99993553493139,3.01307072117086e-10,5.6925158955759e-05,5.95629233104025e-06,1.58331601344847e-06,2.18085888753132e-15
0.999981060146563,2.4513793000329e-11,1.18570109953701e-05,6.91535787268782e-06,1.67460054678197e-07,2.4435822120059e-18
0.99998941197663,4.54216028745643e-12,6.688333762226e-07,9.90320586320553e-06,1.59795879627364e-08,1.6205571191864e-20
0.99998541942841,8.20109937671983e-12,4.60447223933187e-08,1.45335205834218e-05,9.98083130455432e-10,9.40240548263507e-22
0.999987592821001,1.31670891487444e-10,1.44693972931959e-08,1.23925593058041e-05,1.8625241804653e-11,9.76221564696143e-23
0.999997640062564,1.59681148798338e-09,2.18724751688083e-08,2.3364680633985e-06,8.57849535356542e-14,2.78757083738762e-24
0.999999895957351,6.81903946185146e-10,3.54839501854456e-08,6.78767946758169e-08,3.47964634157223e-16,4.48470264728962e-26
0.999999990357649,5.0283294764342e-12,8.56862819902537e-09,1.06869470475918e-09,1.48119573380558e-17,1.40246763695514e-26
0.999999999756306,1.01130749219103e-14,1.68393853421356e-10,7.52895072840005e-11,4.38209284706155e-17,8.60163406915904e-25
0.999999999926586,3.34813297547744e-16,1.40225644224607e-12,7.20060807722688e-11,5.73863364649186e-15,8.71910872424496e-22
0.999999999508698,1.11052880823988e-15,6.77514786362688e-14,4.88143249637177e-10,3.08984650225651e-12,8.96363782800058e-20
0.999999992618827,5.11513624426559e-14,7.42882023243331e-14,6.40312007539499e-09,9.77927253791166e-10,1.01846428362697e-19
0.999973573918392,4.87334904254367e-12,6.32785834064257e-12,3.7210030911408e-07,2.60539700980991e-05,3.71754603980792e-19
0.901142198357497,1.75641433368422e-10,2.19413278059269e-09,7.34970663811826e-05,0.0987843022063472,2.89559211017641e-18
0.00523805373862105,7.14542249246654e-12,6.50775044525678e-10,3.16615557396978e-05,0.994730284047719,1.94366431289121e-19
2.65002623886793e-08,3.66881153468083e-15,1.5645247488326e-13,6.1454636225955e-08,0.999999912044941,3.37116426727873e-23
2.18291333454173e-11,6.71205933798949e-16,2.48839113735189e-15,5.40378699031454e-09,0.999999994574381,3.9499077078745e-25
2.2377439996092e-12,1.811074482577e-16,1.63879041889646e-16,9.02730551461742e-10,0.999999999095031,4.1242604453445e-26
5.37135988205118e-13,5.91266944008109e-18,2.53829721631874e-17,1.36100369140897e-10,0.999999999863362,1.13939994171737e-25
5.93103450764037e-14,4.67137117137545e-20,1.32664008882258e-17,2.01446458463294e-11,0.999999999979796,2.4754345938746e-23
6.31368343398974e-15,2.32965533271057e-21,5.19878196645643e-17,6.88353189439372e-12,0.99999999999311,3.13774397887667e-19
7.72146446422511e-15,1.68121656286617e-20,2.495987440515e-15,1.22500772904319e-11,0.999999999987713,2.69088990057971e-14
5.80962575743118e-13,3.41844280040296e-17,1.21803060335364e-12,1.46338803686927e-10,0.999999999285695,5.66167374891913e-10
6.26495879148958e-09,4.36300443143297e-12,7.45908498593196e-09,6.83594691002926e-07,0.999998994000877,3.08676025464996e-07
0.000923743750307049,3.71704783091027e-06,0.000237354297538362,0.0375347738423363,0.961293525733442,6.88532854529799e-06
0.00257186939157599,4.76873889327723e-06,4.55424280329142e-05,0.997034301187369,0.000343518169581683,8.4547358102437e-11
1.05636323215729e-06,1.27382254426335e-11,6.46726358819954e-11,0.999998943558452,9.04926528583627e-13,1.84928075751278e-20
7.43063500418137e-10,1.59157729168852e-16,3.34157331134443e-17,0.999999999256936,4.997392677042e-18,1.8284228957543e-28
7.64337897533702e-11,1.71316706679628e-19,1.53168658374342e-21,0.999999999923566,3.38962598451469e-21,4.8313674724573e-34
1.22805381451414e-09,6.59946711721797e-20,1.07435045555492e-21,0.999999998771946,2.46037548861768e-22,1.20976203798743e-36
1.47916515495479e-07,1.72607145751719e-19,1.56295577073563e-18,0.999999852083484,1.07559921750495e-22,6.17762004145494e-37
1.48549830286183e-06,2.52581276425241e-20,2.84710951220305e-15,0.999998514501694,8.35367914412895e-24,4.81409235562033e-36
2.68912104165943e-07,2.59265726140347e-22,4.42962954679613e-14,0.999999731087852,7.5175036766739e-26,1.45411314345565e-34
1.45286466816365e-08,3.51490871339941e-23,3.88187445990317e-14,0.999999985471314,4.04562180813503e-27,2.40768837998444e-32
1.12406735644808e-08,3.91962740765511e-21,1.25702889446392e-13,0.999999988759201,1.33353430903909e-25,2.97669179629102e-29
2.48603370070629e-07,4.39643955727022e-17,9.05864457440144e-13,0.999999751395724,2.22083860806825e-21,3.4406806264815e-26
7.07583588775172e-06,6.17700333163019e-14,1.50024824522126e-13,0.999992924163901,5.88540145447223e-17,3.59117573378315e-25
5.45553707047577e-06,8.05763298906879e-14,1.48095218739312e-16,0.999994544462841,7.2974618576289e-15,7.10516435761505e-28
1.90082561099533e-08,3.79743866707937e-16,1.79680342851805e-19,0.999999980991741,2.12079040631396e-15,1.14907540868896e-33
7.66430455402223e-13,3.35686733373029e-18,2.10169477807738e-19,0.999999999999234,3.70946142369185e-17,3.00856107771937e-39
8.79986928289961e-18,1.15718876433722e-17,6.46367704840257e-16,0.999999999999999,3.29507566552576e-19,4.67088131230251e-41
4.74825984327236e-21,9.22066343429119e-15,4.65329622426115e-10,0.999999999534661,8.94874760395277e-22,2.09350515092269e-38
4.64438594577282e-19,8.81978846709654e-11,0.0058209784606508,0.994179021451151,8.32024084894613e-24,7.44399027087874e-33
2.03335974892875e-16,1.20999192863102e-13,0.999128058336423,0.000871941663455915,2.26265503165894e-28,1.9594070758492e-32
4.80135410371265e-15,1.8022528792143e-22,0.999999999999408,5.87330079316823e-13,3.04587821821019e-34,6.36556508807673e-38
2.580805887518e-12,1.0368533162308e-28,0.999999999997419,1.79482157905341e-19,5.11326900419156e-36,3.24309733822591e-42
5.59879977030256e-11,3.4715278069623e-30,0.999999999944012,2.09684897534247e-22,1.91572181299316e-35,8.62661590180865e-44
5.90999006308642e-11,1.08990374597534e-27,0.9999999999409,1.71255159435039e-20,4.76196274082049e-34,3.61175381688325e-42
6.27661898860577e-12,3.73361136448546e-25,0.999999999993723,6.05287283636535e-16,3.27680540009583e-33,1.10385784830262e-38
1.01881206548156e-13,2.67750540400303e-25,0.999999999999175,7.22997504312273e-13,6.3725661975245e-33,9.33542247554746e-35
8.64532670539599e-16,2.84584624129112e-27,0.999999999999725,2.7434044893896e-13,7.79826366349366e-32,2.08741258597186e-31
3.79272951305822e-17,4.75232492122138e-28,0.999999999999999,1.18914958165068e-15,1.27541325585341e-28,3.38497350161308e-29
4.80101831005303e-17,3.38831076428371e-25,1,4.66309380215693e-17,2.89388641520798e-23,1.50367799815874e-27
1.52987949720376e-15,6.35007248856735e-19,0.999999999999998,4.58302644421835e-16,4.7959661744659e-17,5.52647692302834e-25
4.62213982216242e-13,1.8594599783061e-12,0.999999999179761,4.92565458755155e-13,8.17424628268394e-10,8.43052468952044e-21
7.97034876517881e-09,4.06286445661626e-09,0.989056064052529,6.16439727281763e-08,0.0109438622702837,1.22093576931453e-15
1.00455907716442e-08,1.08163806474786e-16,0.00025735733313277,2.03433536875924e-07,0.999742429187739,4.41046280197474e-18
2.07216620018699e-12,3.1130062364512e-31,7.52526341260836e-14,2.37232679304559e-11,0.999999999974129,3.72480819545038e-27
1.37840165664855e-14,2.03219259376555e-41,5.39855745226545e-20,1.10379075163747e-14,0.999999999999975,2.65889806823305e-35
1.81160601482133e-15,5.72865439219277e-44,2.65801565195325e-23,4.37090112233757e-17,0.999999999999998,1.05425107467134e-40
2.93705456457823e-14,4.95792574073778e-39,9.04501605624215e-23,2.0660208936882e-17,0.999999999999971,1.46623068105946e-41
1.04384900631684e-10,5.61523345132215e-30,4.28480053872608e-19,1.22022516631377e-15,0.999999999895614,1.53238873129883e-37
0.00112247622711497,1.4834357460052e-18,8.52601822444716e-13,1.48208575989815e-10,0.998877523623824,6.88884931461814e-29
0.978984387101024,1.09360495773682e-11,3.0392246193468e-10,1.69938277923825e-07,0.02101544264584,9.13296405810998e-22
0.999999798007475,2.29480927032106e-10,1.57283652332843e-12,1.5891069296368e-07,4.28507788760329e-08,1.37040698525434e-20
0.99999703620665,5.99515748661795e-09,9.285535385208e-14,2.95779615590014e-06,1.94377566622955e-12,2.90067513483571e-21
0.999993467756614,5.38176193993356e-08,1.81405824787847e-13,6.47842552616244e-06,5.91599422332766e-14,2.06738758304141e-22
0.999999551730033,4.03197488511197e-08,1.509620725405e-11,4.07935095238339e-07,2.70154602355082e-14,1.65156476578226e-21
0.999999982110828,6.9528182402776e-10,9.07079392598207e-09,8.12281664278314e-09,2.7989297333018e-13,2.44057506831474e-18
0.999434381818028,7.895944145359e-12,0.000565609270000581,8.22618655936934e-09,6.77737232114499e-10,1.5162169873872e-13
0.625438200385126,8.60956841585745e-14,0.374545957804177,9.15851615565029e-09,1.58325651559627e-05,8.69391520202751e-11
0.000410955210934747,3.64971523992692e-17,0.999192691075565,1.53477218008397e-11,0.000396353692043198,6.10886751369356e-12
5.29686238374561e-10,1.14179393617257e-20,0.999944229983175,1.97153732240492e-15,5.57694871317381e-05,5.30666918211439e-15
5.47167763265219e-11,1.60293093019032e-20,0.999991819891197,1.61395161569399e-15,8.18005408103365e-06,3.62614973207216e-15
2.278932137282e-06,2.04509085463862e-17,0.999975896646222,5.03356522928969e-12,2.18244164591164e-05,1.47810490662787e-13
0.13167653952426,6.98508000541433e-14,0.868294559287515,9.08309964671773e-08,2.88103161273588e-05,4.10311878267629e-11
0.992364319536886,3.74672664147671e-14,0.00763547220595377,1.29651625254028e-07,7.85323321858223e-08,7.31654904651183e-11
0.999994262768317,1.25316230909753e-15,5.73440681951505e-06,2.03773331490945e-09,4.08808361489203e-10,3.7832049405713e-10
0.999999589299899,8.43537953591843e-15,3.08889429504642e-07,3.54891840899487e-10,3.57428976149723e-09,9.78814818855737e-08
0.999972265521817,2.16482483359026e-12,3.38943491181661e-06,5.31841435671275e-11,1.08569333452957e-07,2.42364185884642e-05
0.990429989562839,1.14886676751167e-07,0.00744690592942891,1.09715485929855e-09,9.80636663310222e-06,0.00211318215726729
0.0976355656740746,7.27036712713409e-05,0.901238166755824,2.33375967875937e-08,2.96513815662496e-06,0.00105057542307623
1.38478225481841e-06,8.66818581577427e-07,0.999997712820096,8.94481289617739e-09,8.84567457537577e-11,2.65457977295803e-08
9.10232230231187e-12,3.84569503901242e-09,0.999999974114904,2.20300140108683e-08,8.21134212072481e-14,2.0272497571919e-13
3.28737483710796e-13,8.16542056537831e-10,0.999999928273673,7.09093176294306e-08,1.38274156295757e-13,1.44029641607199e-16
5.54473622506668e-13,1.02181671094916e-09,0.999999986640253,1.23272191323395e-08,1.01567810034813e-11,2.73712035041808e-18
6.44623353254511e-12,1.89743410418795e-10,0.999999999663602,1.30062775425034e-10,1.01457319474183e-11,7.31198247438141e-19
5.21561403593972e-11,3.30817390698063e-13,0.999999999947239,2.72535723435551e-13,1.14455405462021e-15,3.35979787848493e-19
9.73357464743981e-11,6.34822333614537e-17,0.999999999902663,1.51315963328618e-15,5.64586663269193e-21,3.24961778936238e-20
1.12874892317419e-10,9.02658561213811e-19,0.999999999887124,1.10553906188409e-15,2.42347770461866e-22,6.07363944645805e-22
7.15870154737039e-10,6.73214144980426e-17,0.999999999282536,1.59360166025236e-12,1.3187376279111e-17,4.19194628300444e-23
2.42524864325167e-06,4.86507668061738e-11,0.999749500323401,0.000248065515316133,8.86398904181321e-09,3.46951465091278e-20
3.7094034270131e-05,1.45271842822219e-08,0.0528549729626081,0.947107858315345,6.01605924690637e-08,4.71555675035219e-18
1.01072682034439e-06,2.45237149411043e-11,1.64097391273543e-05,0.999982579509529,8.3010809249745e-17,6.17610263191707e-18
2.11609670812082e-06,3.60141103964876e-14,3.58344182816239e-07,0.999997525559073,5.81851589411523e-27,1.36725999359044e-17
1.03064450123042e-05,4.67917959930099e-17,8.81842646249947e-07,0.999988811712341,2.8779569643658e-34,8.47273740949935e-20
8.20266513222163e-06,2.42192213135421e-20,5.6620439788291e-08,0.999991740714428,2.41926554505059e-37,3.25412569992791e-25
1.3435265866571e-06,5.71367390368836e-23,7.45204249585826e-11,0.999998656398893,1.05221754971046e-36,1.7646784903827e-31
1.3284967979549e-07,2.27636915912276e-23,6.11576773644686e-14,0.999999867150259,8.72173869715894e-34,4.76194829522609e-36
1.99479731804793e-08,1.13384545872899e-20,1.34231693925376e-15,0.999999980052026,1.58394527034741e-29,9.68076897894383e-38
7.71396989630121e-09,9.33380067270187e-16,2.66180200264791e-15,0.999999992286026,2.96794220588443e-24,7.43086278780969e-37
7.63637733672392e-09,5.68194230468415e-11,7.3996748128864e-14,0.999999992306729,2.30334578015143e-18,1.6661682372327e-34
7.55160661238418e-09,1.2967902179503e-08,8.7864340245375e-13,0.99999997947888,7.32216510112469e-13,8.21338245161206e-32
1.36159204671451e-09,2.00303017098742e-09,2.11267257970606e-13,0.999999993377647,3.25751934276066e-09,1.95129297490271e-29
1.6350402331732e-11,2.80486387508299e-12,4.8974155885618e-16,0.99999998055121,1.94296338809357e-08,1.0843747161252e-27
5.32371409122974e-14,4.33871155646133e-15,1.59400373411649e-19,0.999999999513703,4.86239788402761e-10,7.18362791799098e-27
1.5960758421387e-15,3.39143410487249e-16,1.28322485393613e-21,0.999999999995187,4.81097801168457e-12,3.86321187099335e-27
6.61132184583646e-15,2.40697357221334e-15,1.51329525250078e-20,0.999999999998838,1.1529462079952e-12,3.64295457116479e-28
1.53672497053496e-12,1.26112700817381e-13,1.53478923061211e-16,0.999999999993779,4.55816841878499e-12,4.22422716842983e-29
4.91288635665395e-10,2.29883156486346e-12,3.07871661036939e-11,0.999999999470807,4.81874268011898e-12,6.10832125434004e-29
3.596556784365e-07,1.70189292539457e-10,0.000733944029227265,0.99926569614412,7.85018950944211e-13,9.64712465766344e-26
9.99114398081796e-08,5.13982449443783e-12,0.956102096743383,0.0438978033400369,1.36721653124772e-16,7.14281906163145e-23
1.85278440644524e-12,2.01120329900534e-18,0.99999998440872,1.5589427334604e-08,8.04685498823745e-24,1.27951115133771e-23
7.40042208039587e-15,4.05515666562842e-24,0.99999999999999,2.39397397262906e-15,4.14674127017941e-28,1.89150422082712e-24
7.11421997936378e-14,3.81524444611857e-27,0.999999999999929,2.56717474013784e-18,9.48622705268196e-29,2.09036900242856e-25
8.06024767165126e-11,1.2631212360507e-25,0.999999999919398,8.89128657234517e-18,5.1552344893791e-26,2.98861381417103e-25
4.61081394771911e-09,1.5790060226088e-20,0.999999995389175,1.07449246041434e-14,1.91840410243405e-21,2.9150433964658e-23
1.94864236435102e-11,7.04718799507065e-16,0.99999999995903,2.14832729148467e-11,2.75461726274553e-17,2.73073378172507e-20
4.88717389129036e-17,3.55541296778769e-15,0.999999997978411,2.02158042695647e-09,4.53419175044691e-15,6.33543966455338e-18
8.16373865241506e-22,5.76648930191843e-18,0.999999989294365,1.07056259750261e-08,8.85309246663449e-15,2.88578396077172e-17
1.82100582148755e-22,1.65298094690926e-20,0.999999976283436,2.37165608759523e-08,2.814893893438e-15,2.05034215032033e-18
4.74918334799279e-19,8.55988492640188e-20,0.999999907313137,9.26868607997218e-08,2.49518231132596e-15,2.14444018595334e-20
7.50129553766069e-14,2.86300623870835e-16,0.999999263845261,7.36154635570574e-07,2.77290030815884e-14,2.78704880772628e-21
2.46228008861053e-07,5.2233885424793e-12,0.999982679485586,1.70742672537939e-05,1.39281088012535e-11,4.26470279719102e-19
0.0352688869045387,3.66954602989206e-08,0.963754046866288,0.000976959978431374,6.95552103513959e-08,7.10314492232483e-14
0.871174501955917,7.06711246169083e-07,0.1126532592263,0.0161701801971363,1.35188413901613e-06,2.52613804656401e-11
0.868238412259997,6.57505600434456e-06,0.000517858839899872,0.131236860399594,2.93444495295855e-07,9.23525729024161e-15
0.045885686760854,3.69684642800773e-06,2.87575129680077e-09,0.954110613166126,3.50840598862323e-10,2.24419606193854e-24
1.50766852143995e-05,1.66175625035319e-09,1.0714920217049e-14,0.999984921653011,7.6120999996814e-15,1.47212807939895e-35
2.82797463720154e-06,3.41301971243513e-11,8.48845480125146e-16,0.999997171991232,2.93695443378899e-16,4.32060249132527e-38
0.0117593858009149,8.10421696206089e-09,2.74316989524943e-11,0.988240606067086,3.50182431419296e-13,7.39129219380819e-30
0.761312229814019,5.60999472280754e-07,4.88145293422677e-07,0.238686720619106,4.22109226164226e-10,9.86557938239918e-20
0.996896250598037,1.20506915371852e-06,1.19976275290716e-05,0.00309053492298899,1.17822505429916e-08,4.10024008908211e-14
0.999964871533009,2.62055230416823e-06,8.08189992089832e-06,2.43739312342742e-05,5.20813659640955e-08,2.16551835486694e-12
0.999979210675407,7.25962995083224e-06,6.01318546624003e-06,7.44288981068027e-06,7.36180041267786e-08,1.36151488807639e-12
0.999985803599837,4.11420591133349e-06,2.25854831413586e-06,7.81683420423708e-06,6.81149562867757e-09,2.37437343183538e-13
0.999987903043268,6.74272918059039e-07,5.61894202144789e-07,1.08604285345934e-05,3.61046482688546e-10,3.08041264441192e-14
0.9999754917361,1.32946366388351e-07,1.53052558573488e-07,2.42221927630738e-05,7.22089797274247e-11,2.5723893341918e-15
0.999947241207265,7.47439827617474e-08,8.31872754110294e-08,5.26008087541639e-05,5.27230233679037e-11,2.65206985707833e-16
0.999936561671034,7.61490901556189e-08,9.87356508468981e-08,6.3263381172685e-05,6.30524805448275e-11,1.02934350296541e-16
0.999956096938755,7.32703468675524e-08,1.49096505328135e-07,4.36806010431917e-05,9.33492520091238e-11,1.62784569574318e-16
0.999972360251652,5.75857544620955e-08,1.0522470317219e-07,2.74768261562688e-05,1.11733780715866e-10,1.89546251781265e-16
0.999974663718521,2.69007604889979e-08,1.21816571889964e-08,2.52971629878894e-05,3.60734478623044e-11,1.50355767491281e-17
0.999953369003967,4.44651298150099e-09,2.29717972449903e-10,4.66263174381237e-05,2.36429249956038e-12,4.40659926936928e-20
0.999850584167445,4.51065965721633e-10,4.37603665204247e-12,0.000149415376936903,1.75966339249807e-13,6.53761989064471e-23
0.999670882331965,1.76725123605174e-10,1.15140230515771e-12,0.000329117490016578,1.42177163981966e-13,4.06626678683686e-24
0.999741190334547,9.25301591165906e-10,1.48382395120963e-11,0.000258808723071436,2.242159793477e-12,1.69085934532416e-22
0.999861838491628,2.3345414384837e-08,3.35953094424518e-09,0.000138134603749861,1.99676286321311e-10,1.18177404101376e-18
0.999006214205974,2.95884755060608e-06,2.26828465593837e-05,0.000967841710007417,3.02389494675135e-07,4.14513639074944e-13
